120139
106757
102156
101510
117717
129888
108105
111394
128328
131191
100084
124051
130276
119578
105195
109644
107806
114036
102142
106990
101611
127294
123475
117526
121402
104499
132360
118649
126402
116932
117275
111412
132095
111372
110727
101213
124791
104966
116656
123102
104514
126206
111361
112003
101577
103749
102612
122705
126926
117801
116882
110106
130989
101668
132123
102222
127713
129108
120936
107540
132553
112939
123247
130457
103852
116072
120134
127912
126204
100422
119436
117116
107735
118259
126469
103634
114643
131907
115588
105282
123387
105894
101902
104910
117269
114520
101180
109244
127015
125911
110049
114081
126265
123034
123885
120255
102491
124416
127889
131728
115946
109703
111524
116387
110096
100926
107334
123047
105354
109693
107715
109254
113582
102867
122810
132148
110252
122944
102014
129287
122644
125860
113340
105545
115608
131192
109918
116811
126484
116412
103856
112957
101323
119088
109505
112124
113395
109767
119309
113451
121205
132185
129624
121989
110830
109720
119261
118897
107513
109637
129192
121303
114864
103588
116801
132147
121968
114221
126346
124392
105693
114052
121322
122070
102950
107691
118699
129326
116363
124023
101793
100997
124700
123456
122381
131880
125379
103901
101568
107952
119940
115663
100484
110806
100868
108477
111543
130440
114504
107297
108601
115516
130752
115776
127625
128644
121988
112991
100394
128482
114653
132148
130380
129246
124423
131483
114088
128343
131637
104842
117932
126743
106198
109383
119000
124330
107543
100824
126568
119919
108457
105660
111923
129263
125380
129240
107987
119662
107372
132532
102918
103872
100851
131815
121940
128094
109503
131536
121586
101817
100941
108423
123367
121806
103798
117523
112749
123899
125937
115678
130458
104721
132378
130150
114751
107434
108529
105780
118289
132285
119654
123922
130566
116335
130004
129913
129538
110380
115147
124489
117683
109303
132626
119740
110777
122622
130796
126877
129547
105330
111259
131765
129686
106389
129827
128903
117031
123925
128848
104253
121226
122776
101626
103137
110836
129432
123016
109776
113054
106353
124339
104044
129459
110520
126349
120338
110956
110543
120257
117068
107641
130998
113948
104263
103076
131108
123212
108423
107441
122583
100840
127193
117384
130344
107697
111753
123798
107746
128792
129494
103024
130900
100608
122275
107193
131749
109764
100975
127047
117096
116860
126087
105089
100464
115836
128634
100107
104166
115486
100814
128934
113816
132546
120817
112465
113300
107282
118642
107188
115190
127627
125297
102335
118014
119097
125781
120975
101990
107457
127165
101777
125682
113061
119224
103145
110920
128452
112952
109845
132098
122912
131012
114893
109058
132324
106094
117294
112901
115878
118277
118552
118395
129513
108171
118997
117399
104422
119529
131323
115106
108172
109794
114067
104340
114629
120134
104570
129509
127483
105576
126472
109473
109531
118481
118512
120763
103768
113206
115047
122275
129523
130728
105865
117786
108602
131083
100600
130630
125583
101321
120262
102145
130347
100040
116885
104055
107875
112537
100860
124400
118313
131314
116525
112106
118229
106590
116181
129643
112934
116019
126788
119189
124803
103364
104142
114811
101511
125145
130929
111155
101053
127324
124088
126253
123816
125525
101086
127682
125191
105753
105015
130320
103254
125885
117196
102150
106904
131537
105797
117435
124500
130379
113165
131588
124382
107458
104368
111941
109015
128989
102280
128135
126455
115466
102296
120523
100874
124787
128184
129950
113977
101934
118771
117486
114315
132531
105261
124700
112300
124052
106760
132434
100076
115816
105481
106519
131466
108808
119031
112673
128819
124927
108676
104298
114118
107579
101424
117382
103514
111113
100969
115763
100482
128832
132599
122674
114896
105403
128151
111189
118935
105997
127206
125658
129269
106609
107393
106743
129809
131584
116587
121526
122786
104487
118191
110851
120753
105559
123974
117507
105119
107006
123962
107432
124265
108727
125708
118147
130859
106173
107348
108761
124643
124838
131239
114680
102008
113486
127677
114123
116475
127249
119763
111277
115244
101181
104015
105339
118080
104134
128419
122605
108769
111420
110195
111910
107127
120571
131578
109961
119462
107426
100522
116431
107799
122566
104466
118102
101756
123623
114693
127932
101838
105634
107257
121261
127449
124969
109997
128249
123899
123633
127503
102634
114473
132522
108892
120788
115250
105076
106889
105197
100424
123728
104930
117855
125628
132308
119537
122780
110601
100644
120225
132082
109588
102173
112035
126303
112050
129491
119569
106406
103787
111678
122705
126882
119166
122160
108861
110299
129828
126858
128128
111959
123161
113328
122947
114099
117593
114490
106762
116594
107559
115693
102872
127892
111188
112361
123034
102250
116926
110371
121282
115114
102167
107030
104243
101823
116712
106934
104029
106850
112597
112294
129449
106606
102946
109226
129303
123632
102006
120671
116261
121214
101343
118058
124660
101323
124183
124526
117926
124280
121350
105218
108810
116012
111239
108514
116603
131558
130671
122660
126213
121490
104140
111662
132042
132059
115818
120871
103844
116801
110492
129707
121356
126571
130360
131779
121659
121278
113892
119828
128654
104750
101520
128086
113711
120916
103748
107784
127474
124609
115996
116066
114045
117139
125585
102540
113068
101190
103673
101389
129844
114124
122449
113286
116870
123615
131643
124576
100598
110230
124483
105027
110364
120886
128870
103945
107130
126283
131285
122098
126048
121592
122870
108633
109581
106892
113068
120870
103959
124501
103640
111430
131853
120761
130592
101464
119130
104322
104687
106153
106092
106362
115132
112483
105238
119864
107920
130817
130867
113209
127682
128774
123021
131379
100101
131055
127229
121253
114342
129894
124883
116915
117006
122552
105079
126513
108174
117129
100433
127230
111452
128199
122343
132499
123864
101852
111429
115419
103956
119336
100770
112966
105620
130734
117824
131097
124498
124941
120980
109832
124933
118451
119207
125446
109219
115533
115388
105820
107301
110465
120115
120824
112522
120544
105901
130568
103710
123926
115825
122312
113660
120420
101647
108696
123858
123729
131395
131666
105956
106652
115483
105178
120916
100980
117340
132599
108192
113131
102691
116065
127852
122793
127944
112923
130946
120541
116743
125442
119319
124026
126818
123559
130640
128671
125121
100954
123396
129110
107868
112263
115140
101762
107738
124486
124440
117523
105658
121901
105996
114556
110323
100968
117483
122727
127959
132364
121163
109223
121661
126633
117577
105838
108767
103199
112662
115136
102401
107698
124083
128295
111188
118624
121336
112297
132633
104049
105435
102647
124809
110673
124399
128231
121205
119963
102699
104484
112938
110710
100077
109604
125335
128292
124222
131419
113074
111832
112728
125615
100887
131528
126310
128299
128498
131972
123530
116727
131872
128646
112676
114824
105873
117258
116562
106260
123377
118816
123315
120649
129927
111615
114289
121150
104797
109212
112766
124586
114337
102779
115229
116820
127563
126917
111013
128970
102912
101788
117633
102742
117814
103851
109948
107054
132506
128257
130876
108267
109998
126239
101387
118332
116407
101455
109022
119772
107734
131128
102799
100289
108661
128688
101486
120215
128996
131281
105208
122988
130116
109647
129254
100013
107941
116488
107114
123473
113259
131293
114357
104788
112118
122817
103356
103015
129666
113167
124732
123366
121419
109345
127227
131850
113653
112158
115282
110944
122412
101139
116456
128633
130696
107078
115392
114659
124851
106951
127350
102745
109261
115015
109253
108343
100367
106541
110669
105777
117423
115175
100499
126275
105476
107646
101194
121579
102891
107886
131793
106135
130153
108724
100092
124249
112274
112168
128279
129250
130729
131341
108840
107438
104840
101863
121973
107900
116034
125580
118086
117761
114440
109694
103404
132061
122953
108920
116994
128462
104221
106055
123123
132132
114148
112603
123069
113781
103978
111262
118772
102801
125647
132101
101385
127416
105828
115300
123084
101643
107223
114438
100912
122945
111443
132733
131918
120731
110946
113463
116397
106010
101461
130642
123841
126191
106981
121521
101809
126771
123674
124496
100190
101848
114796
101844
102560
112608
106793
114279
112850
129740
125462
123330
113298
130904
120665
123019
115906
114277
109974
106210
120018
131639
132697
108343
132674
100320
113588
128862
129890
120060
112425
107493
115549
103839
108489
116133
123253
104076
123806
124311
121232
110504
129095
121577
124404
111278
110306
118609
113231
111139
100143
122274
129018
111757
126449
130717
112510
108512
111256
112649
117592
108857
131102
115206
106489
128206
122159
104094
122129
102949
128908
106397
109581
102533
114353
128674
116702
124843
102838
125815
113149
118973
132211
115870
125100
109444
131047
126508
121470
115669
115163
101083
119577
101200
131010
105306
109883
105294
110820
110567
103931
103188
115643
120864
101714
108109
115357
115990
118745
126903
109468
119204
101844
121884
130987
124159
103280
115076
118018
123789
116297
128681
112835
107003
105519
130731
117725
102026
126762
105733
100144
132265
119483
124352
131827
130761
118373
105958
105811
105069
106860
131130
130141
107136
127965
113190
124702
103404
104654
111861
113161
118888
116199
130882
129689
127889
123938
125616
118327
130621
122318
111068
120925
117772
101850
113296
115708
100160
111696
116794
130075
102094
103456
111260
120769
131764
106015
128196
113942
125582
118095
108607
131013
109156
104545
114826
130724
113095
105592
105161
115863
119068
124208
112059
110770
131383
128479
108014
125341
125228
129051
105007
106557
130657
111484
132165
124304
105192
111266
113119
104409
116236
113018
106954
109310
125738
127166
115047
118830
127683
125627
114269
114886
127438
124247
108683
110710
123731
126290
106561
109216
106549
116428
109743
122624
100688
114440
120477
106898
104387
117615
121693
106928
116623
104920
101374
105595
102498
128518
109763
102013
123053
108658
125139
108685
118524
111179
110130
101362
128391
101052
132592
102859
109572
115053
113825
106926
103360
109132
126733
121743
109038
128653
118568
104675
119871
122607
111940
100614
105395
115522
119173
126170
100782
123686
102805
112050
121678
103445
102042
101230
130812
104612
104293
130535
102465
130309
109292
124301
116187
105681
128763
112462
132625
112132
110374
118714
103747
109898
118786
129381
103109
124793
107157
111245
112622
121950
103434
128509
101739
116412
112041
101169
101081
103826
129287
106939
119956
131741
130170
113638
101321
127518
130000
109720
124115
131037
112961
109693
128964
122222
127649
117345
130881
124339
112347
113374
129428
100770
110490
117560
122876
129608
111433
129925
124999
111630
111422
132113
132259
118588
121394
117248
103858
113083
126709
100149
131804
114207
118623
108915
109801
130021
104330
109762
126671
111864
117054
128277
106696
103546
100269
125737
119208
119490
113505
123056
109166
121505
111218
130991
110617
119786
102652
117029
120765
112433
107984
124653
106709
118482
128874
120037
109019
117046
105764
107856
127766
114769
112809
124025
115636
121455
107435
122778
124184
124977
107993
119547
108661
107474
116491
115550
125596
128431
102848
132763
100882
123399
121291
114568
131942
132095
121673
119067
108481
113129
116182
101587
106943
124613
100353
106579
113789
126216
126717
132689
106740
116381
126617
130734
130437
122410
107889
119270
117716
101780
127334
123819
108762
124357
108621
121037
127798
107437
116964
119901
107460
128646
112650
102418
103537
129885
122415
119787
108878
102862
112905
102678
102371
126479
112008
107537
100549
101424
124429
131599
126827
125088
125143
120221
128061
106996
103101
118405
113902
124900
111139
108787
122636
121750
130599
110550
125141
116000
132635
114313
126029
115272
111928
132531
114829
119437
114320
104300
126302
124012
132421
130721
128262
116700
120057
124345
127074
109083
130693
102520
110901
130732
109806
109860
122560
129441
132757
114919
114835
130838
126637
111477
109474
109566
129778
114158
116123
121890
127384
114950
103031
119142
123778
116323
131152
122958
112309
110919
124274
116162
111884
123502
107700
100878
127789
119610
125961
103725
107451
125965
115026
120903
109262
104950
119158
110712
132512
124817
112053
124627
121481
105768
107321
127399
116013
109598
112878
121600
111348
125326
122772
127089
123834
121903
126995
106513
123592
106875
103438
108228
101379
110096
103610
127932
127332
126294
101361
124223
111784
132194
109442
115370
108873
113690
102092
104374
119468
120474
117387
120058
103068
119767
110321
121265
105463
125314
126969
117438
130471
111152
108536
121581
121300
120759
125044
125052
105816
113883
118074
103386
117620
125482
116139
111534
111041
115236
100439
117275
104553
114847
124109
122690
115350
117098
124848
124169
119595
117297
132366
100379
125363
111520
113902
102961
101270
101835
126504
115087
109971
109518
117626
113105
127338
115376
108247
127463
125913
124814
100098
115551
100042
112885
113500
130786
119755
112527
123387
109058
123582
102914
103419
117299
127186
124949
109593
123158
132018
117013
121725
130558
115964
127351
131288
100525
111092
101310
128431
108894
127866
129183
116215
127497
127545
123491
132577
109794
129826
106382
113143
128034
100377
108734
132456
128779
131309
107989
103072
102438
100494
120410
125468
102608
109178
121117
109437
124404
130169
104218
122075
129562
100490
120224
115803
129185
103197
111539
131076
120392
102786
104110
118734
115444
124066
117293
116220
125101
109549
120617
119212
105449
115859
120421
120749
123149
116983
115209
118160
125745
107617
101005
101122
129059
102130
127705
116057
109999
132574
128939
125292
121886
103381
116280
116648
117245
130498
132630
116320
126240
108472
129625
101989
111846
116265
114173
124375
117181
110426
106372
109882
124393
123155
122847
111308
109442
102043
120978
118806
105404
117476
118036
132546
103276
107266
125812
100780
127175
113889
114754
129852
116332
118328
106925
111090
114597
131001
120297
121410
104937
102539
129236
119971
120742
118265
124120
101091
102462
111468
107283
110525
131407
116374
108213
105645
116024
132081
120746
115203
119513
126824
110714
122167
109210
105811
127853
125308
119982
116649
113394
130711
103577
115569
125249
102898
128495
125562
113472
118252
104031
118092
131747
127860
119025
115038
117592
129494
110220
106378
127010
123092
114619
116413
123524
125177
115632
112371
109024
108074
114826
120931
122336
106622
127187
115446
106517
128848
109133
104958
121054
113298
106990
118821
113548
126563
110889
124835
120259
126180
131183
131765
110115
105032
113398
120906
112168
106283
110521
123135
103247
105765
132032
118861
131963
102814
121249
110081
123030
121572
102983
107501
100219
103290
101106
119774
108052
112564
130175
117198
111807
117120
122858
122458
106231
124551
130065
105846
122672
132213
131258
132447
102914
116628
119512
111057
115850
108448
126474
116603
131598
120535
130917
111536
124127
106319
105843
103519
110212
109196
115067
121925
109332
124754
124419
100193
123876
131512
126612
127912
124258
106878
113853
111099
105537
123552
104026
123734
101847
113707
114967
128586
126915
117072
128815
121005
123602
108727
104826
127376
120100
124438
115366
128881
118666
107009
106436
128690
111155
125956
111111
105546
107656
131823
122313
104635
113748
126833
125647
110404
106536
109800
121294
116055
108798
119928
111406
132685
116508
130650
111373
126809
110139
118135
128647
120762
101609
121142
101941
117045
119596
125330
104947
113859
117864
113007
119271
102279
102530
111406
106687
115714
102470
121727
111417
123786
114950
122486
106729
103416
109444
127714
102967
112034
123411
100314
100263
105865
107000
127128
108125
114643
107542
131723
110048
122491
123083
121255
129822
102471
117525
112384
113840
111610
116473
109975
113760
107467
122661
102771
123368
113943
130516
122100
119549
102483
109810
131173
119948
118084
106880
118736
119108
114546
103995
131862
108884
126682
113016
130110
110454
112867
111187
116750
128812
128403
131336
101592
120905
130307
114337
121751
117684
106768
131026
104251
132457
126804
122657
124480
126912
118613
127561
123525
125938
119035
110305
129884
130009
114504
131641
114141
112887
117571
106629
128897
113850
123701
118589
124652
122366
100888
110275
126729
124884
115533
116551
131164
109954
124557
122088
109716
106443
127010
118555
104544
116592
106839
100177
114564
116982
132397
113364
114476
120234
109903
132082
105088
110051
113480
104030
109944
104583
100852
103123
115186
127952
101172
114170
129794
115536
110054
106126
101001
122675
122901
116414
124169
108741
131436
117971
124855
124980
121329
112402
107730
112534
125168
122596
117300
106285
106548
102196
120359
116458
122749
123417
102009
123185
115759
106933
126419
111324
106824
110685
129862
121986
111508
113657
114727
116985
124452
114862
118813
124185
113404
106171
104312
132291
109580
116641
123844
104738
104546
116359
121502
105521
102813
108508
119495
120190
105893
132158
115575
121901
114841
111259
114164
129599
123657
124310
107874
120085
125030
112684
104669
130863
100790
126359
115653
120634
116876
125042
100441
120906
101944
105759
112776
114532
117563
131942
119043
109119
109310
117598
125591
103243
110531
121233
120250
118515
117467
118363
103524
126495
115993
105619
108064
109054
101256
127853
121442
113922
111705
130975
105755
118060
118815
116675
127371
117641
121663
108541
102230
126205
123809
110813
120283
106559
112300
126343
100801
107813
109426
120081
102610
108834
122151
125740
106509
101645
125400
119815
102390
112675
100697
122736
117553
105552
102528
118589
101199
118698
111760
122090
120808
122686
107256
115331
130026
114448
115006
117444
124208
129885
108854
109696
107095
102179
111991
111935
127693
132068
111119
100139
105770
114342
132470
126509
131012
106046
124353
102483
102269
118478
126488
130421
112864
128653
108650
123416
120685
106438
122719
123282
112432
132132
117903
121711
119961
105772
128753
106516
118407
105995
120214
120994
114342
113298
101015
108061
125947
122751
117324
113614
101309
114686
115390
129253
132199
121967
104287
116067
124683
124522
115961
112183
103145
108032
131557
113831
112448
115780
126589
124146
108388
106251
109011
124980
111889
100847
106148
103817
132351
106650
105607
120437
102838
101953
102762
119428
118948
126574
128831
128557
109933
109315
117235
123132
118658
129916
104864
130801
122357
125300
101635
119075
112012
130666
124976
108968
115988
130758
125828
122553
132087
120343
106204
112914
112401
104607
122116
106904
128960
114193
111475
119358
110906
129433
125493
101929
100388
119581
116776
107795
122976
124355
124779
116205
128294
124851
110100
124104
112470
122654
114465
112629
124428
108671
128946
102507
103797
111136
117877
102762
104418
102624
105313
101214
130331
119349
116135
130566
105462
110445
108005
132565
121384
132665
112285
112793
108122
113259
130279
111962
120960
124159
101218
125829
126054
128088
110960
122186
117387
106957
109219
123202
103219
122980
123506
108373
106424
108765
106545
132315
110113
116467
110400
117761
125685
101342
120706
111214
118098
100892
113168
101159
129337
114289
124463
120752
105516
117293
113280
128117
129019
107181
124535
124008
102363
121380
106510
131050
109496
124316
123323
101103
107980
132151
115871
128605
112241
109499
117504
118966
111155
106061
110329
109047
126506
101757
100720
126656
114311
126595
124233
130740
115564
123848
103129
131619
129025
122793
118686
115431
112580
124023
103981
101515
110112
132546
109163
120755
123970
102103
112128
115895
123176
127623
100617
108946
102394
124970
119565
112379
123038
121316
124979
129233
120455
100391
124594
112060
129485
132729
118920
127506
122499
128376
126319
104951
112197
106011
100621
104137
106512
119354
123243
119739
109142
112209
121256
128447
113490
120961
115951
117418
119706
112855
122278
111506
122611
108241
113896
102011
100200
104478
124470
123699
114334
122022
113513
120699
127330
119754
126187
110183
104836
100077
113191
120584
106984
118067
103998
118344
119002
121992
132348
120852
109730
125925
115722
119745
101976
117454
103525
110504
120570
102944
112654
114708
129724
119305
129028
130399
120479
123224
116335
126295
132165
111095
119070
113638
106500
118453
104499
116467
111929
124489
122141
106883
115935
100244
130503
119332
105056
127783
102415
118923
123562
108037
119162
132732
113030
131498
114470
120810
106789
111948
125440
128608
104444
117856
121654
131999
114899
132704
105712
116617
119064
121804
113467
130365
113016
119919
119109
129924
113841
103139
128720
113772
125089
112983
106977
100402
107939
101264
118968
116581
118812
127534
102405
114761
102481
115505
110937
115578
124028
127931
116187
101329
102686
104215
110908
120203
125846
118523
125165
127144
111347
102666
111503
119442
125703
124317
130219
125695
126396
132035
102563
114712
108204
126599
120040
103899
109803
128881
118894
107710
110375
117327
104541
107413
124404
124468
128266
108725
131169
108482
119589
108122
114383
116901
120116
132678
110595
129120
104767
108715
115833
127564
100045
117323
109563
111837
112912
103902
110963
114216
121181
124084
100606
127394
130527
127643
115777
101163
123019
100611
123136
115531
131670
124256
108012
100539
102054
122576
115133
127783
103175
102142
123009
119602
122656
131654
109364
132027
106725
111386
124304
122974
102670
119972
106022
132414
115655
110764
107694
113666
127401
105661
113308
113182
117993
117379
111092
103508
112335
128888
126558
101242
125290
114624
130173
104061
125315
104528
111485
118182
120015
111702
103659
105244
122984
121301
122570
119979
105342
125328
132067
107203
117322
106026
130652
121028
126276
116363
110732
107128
116886
130950
116750
109281
131024
110776
120596
106550
104925
118963
104446
112936
131382
111708
102188
106345
119893
126353
130832
123759
105069
130319
123527
122230
110680
121747
123241
106436
131537
106048
127838
122416
123619
113217
107764
126693
105889
109487
111343
116836
100376
132021
126945
106696
112258
106994
108538
102990
105917
105758
128800
125204
113147
106225
116034
130593
101818
112448
122090
115622
101623
125546
118802
124547
116894
130802
106297
108813
126534
118381
120502
121615
127003
105887
104011
103183
125211
114657
112381
101586
102790
100805
131875
119074
120719
120573
111806
101070
127064
108409
110088
109811
128285
104400
106576
118394
123056
112865
103684
122594
131365
101050
101648
104511
111054
106169
109158
119427
127338
107760
104414
105469
108697
125134
107329
113439
111763
131324
114080
130436
100890
112262
120299
129074
132269
124731
115135
105756
112127
124758
108670
117227
117159
108126
107685
111613
119065
105290
102234
120238
101333
113641
109125
114903
131038
131969
105377
129685
128622
117943
127123
115788
110824
131758
104890
128491
125454
126323
103943
118129
128884
105881
114639
120752
106292
113440
127006
120400
128484
113564
126031
116504
121029
115602
119257
127081
120893
112422
128108
104203
108168
114163
123453
114989
122538
114235
131742
109222
112552
103232
131793
118401
129015
131825
132382
108985
113973
112329
116259
105281
125975
113653
109676
132423
122019
118453
128579
103354
104095
128260
129481
117770
111177
109691
109382
117295
110920
110451
122302
118508
123875
103786
127429
131925
110193
119464
124563
103823
115472
121633
131419
103127
107418
126110
130777
107205
131029
115736
131883
100306
115690
115300
113633
100633
125721
115734
125015
108890
125610
110751
113731
118596
117031
132280
118922
115444
112072
121860
104024
107705
111663
114160
131183
114970
110677
111071
120511
124442
102085
122500
124983
105914
101640
112782
102108
127424
132704
132235
113176
105655
127161
110598
127828
117815
107996
116211
102601
120934
117990
131662
101010
103615
129016
116990
108038
106002
117297
132095
125766
117196
113113
109760
104722
105081
115423
132298
101089
122247
105862
115107
116016
120397
118107
110578
105498
105036
105578
102883
108585
131764
120497
113869
130412
120618
121301
113171
121033
103880
118036
126792
112533
130149
103803
102806
101730
112407
121433
125024
101400
120823
110067
107302
111176
130084
110201
116393
103356
115211
111417
128336
102483
128229
121363
104139
126220
102784
100653
107254
131936
100419
112872
103424
129749
122989
104978
115660
114896
106653
126045
112791
111274
106647
104719
107740
110087
108613
124412
106100
129891
131068
119985
119042
116462
120321
131571
110478
105370
105804
104808
125296
103538
117131
110995
108144
112685
101482
107526
118315
111363
129042
112082
122553
123583
109295
107587
104076
125206
125111
125386
128411
112695
115880
118587
121280
118179
114961
105784
113247
102207
100371
131565
116553
130727
106921
130815
126688
112326
117478
127934
102267
124836
119422
104354
120844
115838
106120
129269
105472
104476
114562
119757
106086
127839
111766
120125
104532
109082
115995
106188
130694
102946
103263
106022
117321
112809
117924
101650
117143
131527
105064
109988
113284
124506
112874
104116
112089
115728
120553
107663
109822
127938
107183
123371
130845
104964
108622
130337
125316
124410
124202
105878
120651
111213
111799
109946
119863
113949
129668
125878
108255
125017
109945
121375
120333
113358
108637
121840
105831
102813
123802
104567
103759
112816
130117
128526
102919
122189
109657
115021
130585
102123
104515
119934
111606
115269
103844
119633
105181
101038
118610
118482
101118
130468
125600
124311
113888
128167
102879
111678
116736
106828
100388
109079
128187
108429
109132
103965
124269
111203
131390
131115
121563
112279
117104
107116
104398
120788
103341
104212
108545
107522
123669
101965
101949
104655
126053
106612
105923
108430
121464
102534
131818
109381
113678
103125
114441
132353
130765
125952
105367
119405
105349
130081
120977
127651
120760
100936
104988
118082
114778
123945
121196
102337
115157
108049
122084
120067
131408
114463
129919
125739
121649
132528
110446
109489
109280
127003
113667
104886
114638
116127
125645
113300
107447
121753
107525
122042
103972
111354
124456
114871
123187
100857
123110
120980
125850
112133
112443
102759
109546
121342
109788
121637
123153
117924
115412
123576
111651
115536
100207
111185
108378
103650
105815
109568
128603
108794
114173
103042
117690
124779
113466
103514
126913
113644
115767
101667
119917
131601
127370
127268
107194
126330
122017
104229
109856
115275
116324
119937
125790
127451
102678
106365
123766
126897
102780
109528
107513
119468
129858
112035
111492
104065
126106
126547
104843
102763
122150
114709
123989
127517
128024
121697
118856
121340
100760
115410
128103
124811
120678
117045
104473
116006
105664
112096
103980
102388
113030
131909
127257
109335
132252
125894
130186
119589
123280
112843
114713
132572
121212
100370
128859
102929
113454
129863
119581
123882
132743
132565
122861
123213
108321
118011
112093
125592
115252
118306
120195
119699
105403
114542
120388
125091
120530
122515
117203
119872
103779
106986
129268
129192
113409
131012
122246
102869
120596
114686
130496
111533
129591
101333
101563
129146
129758
110588
128048
127897
126268
115948
109444
113782
119396
110972
131073
107960
115374
113585
111207
128184
104284
105431
101795
109880
120701
116176
121566
116050
125970
122029
120505
120238
122736
132219
101335
104952
109541
132703
112285
120209
122270
129766
103989
127109
101320
126614
118489
123070
126198
111817
115022
111479
101059
122043
129966
117491
121016
130273
108395
107630
111216
116860
104593
113236
132345
107375
123467
120497
108414
108621
103593
125416
108323
119991
100256
113065
100913
118757
120659
130077
118387
130946
128400
111459
108256
122557
128158
122176
113785
117661
126774
117522
128629
114324
111055
112134
101788
106584
100639
123787
126705
111086
121310
126471
110995
113415
124365
132552
107493
127632
123383
114237
111597
120197
115254
113510
112378
122886
122362
119689
119946
122028
119366
129319
104554
114205
115963
131374
127007
112350
126297
104816
104325
131945
132547
131924
112822
105088
101058
124619
115501
112576
125773
119174
114220
128121
101960
112231
105050
123581
119114
131381
116401
122551
124067
103059
101527
100926
108702
112691
128843
108202
126979
128327
117379
114919
117728
110392
117844
123848
115849
103067
124497
115869
107486
115809
123383
105991
111820
111437
115785
109835
105495
105900
101559
132198
110166
106304
121668
109088
124735
121725
115176
111460
124452
104440
116019
119439
103358
121628
118836
101255
120106
123678
106393
131662
127025
100660
124951
104407
132300
124162
113677
117016
114663
115797
128100
132192
109414
117524
106681
125163
114534
118644
115390
107700
104645
116330
121053
124042
129252
119910
130079
100966
127659
120382
103757
105980
125134
128616
126293
109456
115023
107117
105710
132363
127557
128154
106367
104782
117723
124409
101693
120262
107419
121984
114836
116288
115949
125319
125641
124671
117466
117888
121821
122124
116502
101858
131508
100558
121406
116326
123511
108250
106846
124534
103990
127756
105654
102882
132050
131543
127934
123862
124186
115673
113255
110345
120372
124851
105380
101942
128063
101911
101673
121040
118582
132131
127090
118770
111383
129005
115976
104341
101445
121695
118784
118789
125739
125253
122052
123798
125731
131236
129814
122002
131222
117325
122449
120695
127588
122035
115186
124255
131718
119290
128856
127680
100850
132176
131272
132693
101310
124032
122292
126044
131977
106180
126013
107010
127767
131547
132086
103708
127803
121948
110059
101399
117754
115786
105954
117298
120813
130280
119008
115690
112359
126671
128239
128950
103384
124477
130591
114421
131569
101296
101579
109349
111881
117428
100637
115541
104768
105209
104404
112093
101858
122792
117829
119372
116622
119031
113568
122786
105879
107516
120181
107200
116394
124094
107895
108828
116913
112274
123519
109497
106488
126629
126676
106071
123278
113877
109993
114407
122095
120517
119271
112961
131295
121136
100909
111385
100249
119677
110101
119855
110121
110996
118970
106183
129815
129009
121975
109657
120901
132598
105457
107145
132122
119430
119895
128089
105952
120527
120040
115614
119147
105319
106422
128689
124412
105371
102314
120422
111717
127748
106441
116802
116845
100699
112565
129256
110965
110733
106871
101077
116316
125202
101499
105805
123041
114811
115164
114581
119495
130635
126435
107619
105982
103176
107210
108947
109311
130450
129221
100379
100920
105139
126787
114753
130857
103158
127856
103948
121614
121533
110591
111096
125630
129166
100904
113133
130003
132526
126956
128626
113931
105713
121760
120863
130542
109520
110761
127312
102833
121276
120197
112673
121179
129458
110347
107670
112934
113168
123123
130841
130344
100007
128920
127786
127282
119057
122621
113234
110585
111428
117518
127832
126323
106600
128297
129464
114820
104422
119517
119121
110554
102082
109042
129630
132630
131882
107945
115111
110892
126543
119108
123129
110860
100467
105417
132051
121218
103235
116996
132194
125786
106088
127947
128175
116937
129625
132486
116760
117000
118131
116462
110845
126786
130891
126484
100027
100528
126531
118181
116702
128515
107355
100717
101522
107522
129098
128027
130395
128884
123854
129604
107014
110656
122944
114346
105696
100307
106603
117693
108069
102082
132766
130658
121787
101808
102912
101876
112928
126323
112164
120200
117666
125554
119005
115318
128718
104273
111188
101397
122154
127697
125783
104645
114983
103665
120308
111667
127569
112474
101447
129752
105161
105721
115088
106179
131317
105710
110984
125337
102774
119973
104950
106458
116058
116034
127613
108901
112787
122947
120504
107327
132264
116576
120457
114320
111531
115638
106669
102638
122731
112677
113556
113118
119018
103159
114800
131480
111634
131778
117901
120075
111523
127631
105696
115489
102768
102715
100322
122692
102091
124958
117151
109857
112958
115947
120329
129452
126844
129751
107923
116068
111254
114430
110587
107480
104306
107522
100711
111722
126074
129269
120244
104531
124817
102265
132619
100839
127051
109861
103605
129306
121437
109611
111408
119108
107602
102200
106114
117793
102016
101532
101837
128540
106043
119979
126756
116685
123208
104291
124573
129216
132500
101711
115623
126840
104742
100266
123038
127667
132691
117704
106653
131056
106545
114098
130964
125743
119630
106001
125082
109560
118433
122701
116356
129950
112832
120309
131766
108741
116052
116834
124473
115746
114378
106903
102670
100994
120908
117612
129986
110606
121840
127980
112451
127181
100655
115195
122610
100970
112536
113980
127225
131896
102853
126257
131295
123507
130191
127908
129114
114121
130686
108102
121444
114712
113539
125847
113808
101754
121066
122629
125599
108671
122250
131160
125006
113849
123455
127565
116083
127614
108186
101505
129096
110569
122326
115857
111111
125730
116750
111232
123319
127455
125870
111705
121157
117291
131880
128277
116950
102503
127720
121534
132188
128654
121737
106453
116583
116925
105545
105458
125759
105202
121274
130986
115503
132115
122043
100277
103203
100915
122279
125776
119926
107538
102348
100833
113925
127970
131359
105434
113800
106321
107053
125663
123938
125123
100949
120107
126006
126431
117813
106544
117885
110414
126562
122493
105045
116159
121948
126181
106844
124975
123841
117470
125502
108391
102848
119335
107467
131782
132305
102830
107085
113216
100003
118704
125208
131495
131670
128802
127586
129321
109291
128080
108885
102171
124409
115908
117347
110325
118433
114281
105946
123293
124099
119280
114872
115432
113778
117875
126912
127070
115110
121944
100557
120125
123953
122233
112231
128961
114677
110721
129428
109475
103763
106905
132592
118239
108007
107077
107520
126395
117106
121480
101828
100101
118551
120143
129419
111004
130763
117773
116491
125490
118535
120226
131761
120911
107199
130177
111414
112025
107416
131090
107891
113236
101462
116053
109174
111397
128915
113353
130005
107547
100023
111500
113218
105711
128292
130499
113248
107147
125873
112700
103382
119242
108634
109394
108193
106367
118326
108817
101038
121272
127401
112795
105896
118340
111834
102602
107279
113266
100455
108055
109194
124956
123992
118715
110718
105444
101714
116756
109791
112830
113165
101449
132166
113839
109832
122673
102212
129748
104060
127857
109559
112293
119438
131301
101850
132219
120776
117058
114657
103248
125386
118777
101574
115654
123965
117086
115101
110699
111113
132361
130735
101180
115912
120700
100997
128104
106618
116487
121667
110166
118650
131049
117304
119528
119473
119736
107954
126466
123401
116739
103703
106822
102692
129077
131889
111906
109647
118460
131786
113421
123313
121195
123257
107789
101064
113949
122043
128637
109079
101532
109893
127501
127256
100033
122009
125194
123512
131036
104664
102368
124035
129621
129751
130013
120798
111252
127604
110135
132724
107039
118059
118865
130738
114178
101092
132410
110327
128116
128271
128118
120134
110007
109555
127490
104255
119872
106051
124818
120397
108568
106227
123677
103456
123266
101705
126619
129886
124638
115511
103694
123029
104909
114152
112831
118645
130966
111769
106186
129084
116937
102826
119772
102769
130082
131573
118332
131541
116911
101982
127240
124567
115509
127915
120002
117191
103121
109719
129291
105741
119003
123425
115629
117915
106511
112170
127199
130656
114415
105535
121029
119166
104803
111796
110135
111103
105891
122354
105155
103619
120918
126993
121845
110525
105468
120490
116181
131680
112521
130278
118450
115283
131154
114651
100382
131180
111405
121625
108858
104924
127188
131967
101940
117159
121227
107604
119053
126552
101379
127635
122784
120818
101245
117381
111328
111145
119090
101269
101217
122578
101619
124513
120602
119961
121101
119053
107625
120306
124271
103900
116311
103506
122383
110593
101918
103326
102537
125618
114152
123364
103689
128639
104666
128841
130668
125154
111697
119362
120226
121367
126571
107527
123991
103725
110026
106821
103122
101982
118420
117523
122141
103324
123070
115752
107366
125804
105355
132683
121253
120311
109135
101386
121471
107614
112249
115375
123242
121423
119504
120944
126995
101846
109565
113382
107261
129397
107082
121281
113002
128118
110761
131513
119934
116096
115960
123848
111010
131945
126339
105622
123943
129099
131019
118837
119339
113370
105606
110094
129217
127476
111846
127259
113484
128634
128286
110679
115244
116575
112675
103283
109725
132094
125103
114635
104923
123057
127884
102808
118155
117151
110351
128359
127830
108501
121827
128458
116183
130201
107271
119117
105655
116474
111898
109739
108054
124844
126679
111938
118573
128787
108252
116677
106546
115102
100527
126769
102268
122454
106754
118786
102376
103351
130870
119718
122491
130750
102431
108594
119625
110659
103943
125012
113045
111753
123381
130952
127801
112916
111151
106127
125769
115898
121341
119838
105459
112125
104112
105939
109481
129944
112099
132460
124291
113496
127233
106043
102622
121645
107015
128725
126026
106625
112011
119563
118691
121288
130558
115227
113021
116313
117806
124199
117701
110716
127246
129509
129958
126404
101562
130457
129194
113055
118454
130112
102178
106027
101238
122894
100807
122699
117540
120091
120481
105467
112029
103770
127784
104928
131005
110794
123818
126755
114140
108016
113132
130688
114584
122500
126740
129434
121045
124011
103622
122258
113667
123621
106894
105943
117152
116744
121982
127296
129277
105069
109592
128344
114244
120617
117870
105465
102842
125950
110727
104220
130114
106963
103173
112367
118051
101218
129541
126504
122122
117809
111175
127129
131667
117699
132495
106501
105092
108815
110666
113459
118042
131633
121461
131904
125833
124000
104379
117561
103038
129056
111325
108010
127079
114104
116823
108016
120117
126439
128065
123926
126816
119507
104307
114654
121388
109890
129004
101981
123180
129548
114805
109388
105732
109521
107393
106589
118130
109799
107864
120523
103568
114070
119156
100149
128851
131720
122667
121772
116568
120699
100751
129035
121312
113209
106131
121990
110617
123338
100719
120454
128159
120296
121925
127925
127554
105139
105732
109396
124938
115878
121229
111061
122488
100554
116500
109222
123407
105769
127177
109643
116499
130438
113080
117423
121489
125003
112110
105404
107679
108483
106206
125481
106469
129929
124675
101011
100956
112193
110790
100048
111446
123781
109729
103296
125631
100898
107141
132068
128418
122501
109177
110580
109550
129392
120965
131243
107387
124658
122830
104102
101448
106901
127234
114413
107015
118233
120822
109073
120539
117217
105614
104823
105312
124269
109278
128755
124908
120328
116366
101016
125716
113539
118147
115407
131442
116897
101819
115367
121510
123924
111225
109164
126875
120232
101539
118395
110092
119743
113256
118868
130374
132349
127525
118257
131119
117316
128138
105303
112775
124131
125433
113258
126830
118026
110382
132357
100134
117890
120101
113994
104987
111002
120888
129079
101152
110181
119433
104058
125692
112674
109983
114567
120613
129788
104276
103143
112075
112116
114158
132051
127768
103195
104332
103169
107447
118788
112836
121534
110739
117369
130698
106813
126945
116077
102227
124207
118624
129586
128891
104595
127967
117228
124132
130512
127489
107334
116193
121601
132157
127075
118610
128912
123432
106776
110096
104454
105719
107864
124811
125985
107839
125935
110001
107304
122368
113011
109074
105083
123106
125816
132162
121454
120766
130052
108415
120151
102240
121155
101268
105702
108428
124283
132349
131509
132158
111425
122956
119072
123958
119278
117964
107863
114868
114253
121443
129969
121473
117654
102077
132420
104494
104608
120230
124338
104864
124242
118968
119877
107725
121947
117303
119615
118720
107810
118585
127339
101347
119296
111882
117240
128637
130734
101838
112263
103034
111353
118888
124803
118635
122301
112539
120497
131533
130064
105583
116744
110734
114878
118743
117954
121805
118774
112528
130227
106722
123714
111180
121306
122782
125372
100112
102966
115923
129152
123867
103386
122391
106333
110472
108356
105158
128464
111349
132075
122438
128050
122213
103191
100239
126256
108579
120053
102890
113532
122217
105451
111352
128962
116351
102953
104951
117470
132391
114049
111681
110668
105529
128376
105237
113887
125835
130973
102042
114102
107283
116249
107041
115565
127312
121992
130475
126352
127205
116487
121003
100949
104840
112526
102925
122506
112666
112001
100726
109004
111127
123777
105934
113402
104497
120712
128252
108777
117816
112949
127216
131929
114237
105060
128487
102440
132343
114178
124394
125126
120166
114976
128408
101353
105909
121413
114214
112514
116581
107273
110756
106223
124072
106463
118402
119154
118027
129587
117586
124130
126296
106677
129999
112800
118459
115188
112159
124109
104739
120110
100181
108986
103659
107878
123450
127904
126906
103096
109389
116370
116904
130538
116232
108207
116642
102979
100197
118940
115727
123296
111009
120370
114355
100036
122176
127859
111316
115184
127825
110531
131740
115635
105715
106325
131775
104964
117784
121059
125278
127886
115081
127906
107562
109899
111659
106869
121292
122452
130432
112992
105093
120312
126832
116288
132113
114699
112458
126394
122066
123776
127494
115570
125482
110395
120269
121981
132649
100640
103611
112408
112744
103280
122083
117402
120372
121941
104851
119719
126447
109499
121306
110759
131508
123746
131144
123510
120122
107825
106485
132445
119547
111566
109252
120386
117909
115051
120041
104475
105072
106723
119209
126377
122529
101637
118113
129890
126734
129583
116938
124335
109267
108064
113019
130903
114405
121351
103344
113723
105973
103135
106825
113733
110488
132095
117270
131739
129700
108525
110929
109848
118493
119668
117868
114684
111057
130806
120590
121314
103168
113155
116824
123891
101184
130345
109932
103002
109408
118286
101680
116983
105996
125373
112975
112728
106736
125246
110721
116453
104737
103529
128525
105050
116408
120571
131724
120187
121792
101354
111087
122371
129618
103158
119491
114397
122366
124033
113332
129686
111725
104352
132176
123411
125253
102002
121358
115583
125261
113841
127631
132488
106706
113798
107043
131787
112969
107938
107919
113036
121397
121482
100878
107435
127307
114738
120469
117459
116180
103374
121435
126197
121684
119525
115865
115957
124777
125351
125326
117667
122613
105344
121031
132332
122495
121325
108701
109906
127447
130447
105215
121753
130809
103806
130930
125635
120884
114911
128597
114751
113036
116409
129386
115294
111964
122884
118162
103174
119872
124931
115160
123562
126001
124628
122801
126841
127730
109126
127106
132310
118700
123114
130147
102153
126933
125805
108067
104244
107349
120868
100492
113544
132076
113897
129256
128952
125902
123686
119492
119214
114577
129583
110835
114302
102217
115669
112598
119704
119538
126776
120027
104513
116238
103900
104260
101188
108174
102143
132650
110820
121590
101674
104385
113942
115645
113159
110045
110061
113650
115826
113589
125526
101670
103634
129255
112901
121477
105386
116157
107439
116550
126571
107695
105082
121926
108173
126249
125874
127215
112349
105358
123837
105311
109337
123516
108881
125894
132538
123218
109028
128784
110609
107503
109156
128197
110741
118717
118825
128045
105340
106991
112168
126135
127368
107270
123497
109979
123172
111514
110523
127167
105903
120407
130982
103640
114968
121670
116897
115409
125867
118861
119941
131696
103978
121594
115522
131639
117280
122748
107984
104072
111730
104690
116073
111629
116279
100073
125686
125271
120777
119839
113351
105413
131612
105101
129158
101288
107087
108709
116590
123812
113537
109529
113336
120666
109286
123996
117334
103747
123418
116268
131044
102367
105397
109392
126940
123408
114207
129886
119561
119488
123046
126017
119870
113610
108237
114745
124487
120856
124391
107811
112160
113929
116965
104699
101733
131861
124525
128927
112906
123315
130348
103894
116812
115322
117356
101776
112615
102279
110313
106352
122250
114976
103904
118151
108424
126614
119402
103267
132304
124528
124680
122696
100639
102853
125823
110781
106868
108266
132326
131146
126149
126798
107517
119937
101616
107681
130496
108603
132084
108860
127548
132644
127329
106429
120226
130426
115725
108017
118682
119825
111625
112376
115929
104859
104659
129187
130806
131110
126925
129057
132729
105958
108270
104923
123702
130101
131000
114844
112345
104408
106090
126965
124353
112260
104822
126432
115218
112032
105781
108451
126213
112205
128986
122359
123523
117412
106917
121962
123635
100414
103769
114690
110416
107514
101615
102691
117630
129786
128652
111794
113374
109807
112049
129147
125728
109463
132273
114384
115032
123780
100969
101747
130388
123422
129067
132023
124717
105707
115707
130017
129821
114190
119550
121812
100240
104974
108591
121070
127358
111321
125780
111405
103159
125961
121905
109462
124928
119909
132603
113111
130461
108715
116495
116011
120623
127885
131300
124030
114176
126713
132158
125394
110365
101021
101797
113889
121700
113579
124438
116995
126429
129497
130040
131667
101454
101805
100433
116237
116233
103415
103482
105019
124169
121503
127633
102545
120125
129696
131565
118933
103972
119637
117463
101635
125594
117492
118327
125039
113394
129112
104460
101676
122180
104963
125536
130157
112648
130659
103548
121002
127716
115028
117336
110405
108995
131815
102485
132462
120359
129889
102190
109636
123584
102535
123948
106556
105789
118809
115098
128967
129634
127901
127865
107823
122971
119133
105589
102338
125776
122547
114455
116787
122937
108420
124731
121917
115188
122635
100293
101769
113812
126424
123024
126930
121597
106776
131239
111175
113326
122646
112824
104497
111069
132354
102853
124117
105417
119282
105501
114332
114508
131878
109195
118129
132015
132496
118221
104555
124867
123027
107591
124588
126765
114188
119289
108425
129538
111503
111791
108011
113300
110835
108663
101108
114059
112656
127064
127974
112695
115143
104257
106305
102692
128067
122176
128300
120559
102015
132340
126742
104793
109832
103749
107165
120986
117765
123730
127919
130808
109172
129195
111087
104599
127670
108993
107866
114067
117838
127131
118314
123468
113382
122826
121850
131585
126610
115102
106540
120737
125273
112538
130952
104669
105970
126502
108325
124802
125899
112772
100493
126214
105552
108805
123164
119904
116073
129405
118953
103965
111940
120820
115561
117425
117590
125854
111375
128779
123548
108046
131896
100204
110887
111782
130311
126072
114903
108114
110092
102030
124263
104822
110187
101205
119721
132644
102970
127383
114195
129171
100906
126803
105083
118732
128874
108045
128287
119975
128712
104809
128232
113910
108314
125944
128240
126720
110300
122450
120641
104753
115994
115813
128224
127503
115089
124172
118538
111728
129041
128996
124349
109546
123685
111963
120698
124300
123382
109833
110154
121035
101741
120388
130559
105663
125080
102126
112572
130448
127055
130194
120503
132651
118295
132015
117310
119353
111174
117076
114936
113745
104808
127725
113006
113772
131298
104541
129993
101018
118485
105549
123101
121332
127301
122563
100967
114642
129147
130550
127123
105278
110759
104801
125122
102568
130762
117526
100745
126427
132307
117589
102397
100911
119048
127581
109102
128768
105640
101506
117489
103520
122319
111744
125667
122377
110745
108559
121514
132245
121738
117431
100990
108274
127790
117478
125673
114704
123132
105792
117450
105692
119168
115254
120480
126578
118202
100826
105733
117902
132033
117233
113785
113732
131755
113226
106081
102130
126385
125775
123727
109938
125583
101082
124036
107412
118570
125770
126644
131019
119413
131285
104969
121638
115861
117024
123754
105858
102980
119052
125692
119295
104307
117971
130025
106416
132403
128597
115041
113303
122581
107948
117983
123088
119376
120838
119214
112652
126948
104628
113067
106305
132349
131198
128844
116896
106074
114490
112865
110536
128366
123805
123162
114745
118023
120144
125130
114699
131373
111942
101866
119520
118349
104526
127969
108823
103319
118756
104707
110402
103588
111949
116055
119258
130652
109283
120477
108850
111383
116653
101775
106922
107010
123186
114792
128037
110021
124815
104099
131773
124514
116680
111109
126389
105056
116828
125149
128174
131882
103452
128395
129054
102578
124732
114495
110335
104537
103083
106499
124100
125715
117152
117756
119697
104134
126326
114156
126635
120564
117689
118012
110894
129178
131713
118713
115966
111960
130814
127068
103935
117201
117333
104014
107913
117589
104618
100587
111126
131262
118398
110471
100158
115351
127036
103086
100838
108164
110606
131760
119988
129501
101877
100189
129222
118685
114201
130318
112291
107899
117086
131813
115569
123990
105527
106069
126569
114646
128959
112612
113289
112977
129286
120111
114824
117227
109224
111663
126223
129026
119973
109500
126758
121801
130668
128335
125677
120626
120633
115724
115852
132370
129185
118016
104300
107392
112492
107687
109992
130429
128674
103857
101310
104411
110824
120069
124043
107863
109581
112391
100726
132617
101089
117270
109291
120318
110918
129625
130315
118563
110217
107196
103585
131684
106994
110389
102488
109590
118169
111692
123436
108434
117628
106458
118047
116259
104655
124689
125741
101667
125843
120252
118657
106336
132714
123592
104681
120261
130730
110084
100488
117558
108720
101157
127179
122811
106103
114189
102558
128737
103529
117837
110303
128349
127092
100328
100882
115187
120673
112474
127063
118166
107617
130776
103322
124625
130793
126682
126474
121957
131776
121815
117452
111412
110167
123727
116464
127837
101208
115215
122532
118953
116097
122801
121511
111142
107443
111458
111105
122129
104262
124392
111602
116473
120224
120035
101928
119586
110598
121682
131892
130856
105905
131930
124223
115428
109605
132419
108793
108435
117182
112580
107731
121397
106124
120192
118894
113972
124769
113616
104531
113990
100135
100035
104932
126356
115319
110179
121747
110364
121192
100666
120145
124756
127909
120853
122185
100880
103107
114440
117967
129701
130769
118706
127379
100431
123184
100546
106267
100816
131493
126650
128112
121946
121260
106996
109079
117167
127503
103906
130114
104839
114360
118169
132424
119346
126147
115089
105555
126078
120536
119462
101464
130779
103352
126563
112461
107453
119573
116864
129430
106306
130215
118185
123328
100373
116092
111490
102513
128914
110480
117223
119967
132395
108445
127352
120833
102666
111924
121685
126915
106999
127245
128550
124286
121469
112028
109663
117863
117064
114148
120770
112327
104658
108176
101925
122795
123455
132416
109429
105692
108421
100897
113915
109841
112847
122816
111070
112228
100644
113952
128233
100611
112195
122378
119695
129576
116690
120228
120364
125771
125368
126789
126350
119190
107976
102792
104884
119193
123039
120735
126421
115519
105935
120042
103845
111104
118589
112328
114643
109913
111559
112814
102870
130425
100650
106102
100585
102462
103715
108793
126036
111199
117205
112863
111854
125163
100715
103350
101856
130802
118014
130882
119467
105345
111289
108308
110189
127956
112443
131166
114784
126408
106044
106502
125347
116367
118388
112377
108605
102823
107704
108738
107359
107533
131687
127067
117993
114606
105220
116547
113712
103198
116004
115408
108030
123276
119435
121799
103899
124662
111506
103466
117899
117913
125388
110417
124888
115116
101864
110652
112530
101453
126169
102952
123859
108220
131125
126816
116871
113863
116187
100950
109100
105861
113369
126194
108503
128327
130445
102954
102008
123852
121610
118227
127326
115380
117692
124599
109566
110647
107344
104167
110832
111127
128974
124499
117306
132307
132104
103319
110289
125726
100664
130840
102749
102799
127973
117840
101437
121498
116742
109926
102091
108223
104554
101634
110561
126209
101719
100959
100764
112538
114290
129954
131679
121069
123870
125546
108315
126140
107176
114344
129742
129435
129123
101297
122698
116389
100879
111505
129848
113005
121408
119970
115036
118840
109180
111966
130331
101481
101348
107122
100410
123196
123670
127763
101864
129719
123731
108437
130815
127198
115933
120378
105351
113447
113315
121416
111996
129069
125728
129374
102608
122280
127105
127751
132276
124061
107526
110224
115220
132562
112810
129815
123744
105093
125190
103909
108946
111965
113779
125694
100973
100257
108399
115701
128002
108200
101186
121093
125305
116113
121057
129118
122126
112436
121618
112573
125786
117847
125905
123967
121812
123430
104690
107639
101015
111837
130057
131262
106342
117448
117127
116170
112109
101229
121637
128387
121673
120584
113030
113169
132299
111159
125207
102202
123897
121335
130619
103915
113622
119759
113829
116244
105316
118347
116228
127673
106854
124332
105446
119879
109930
106718
129238
101668
107015
113322
115912
121993
105572
101165
108728
127892
115961
107913
132493
106649
105882
130522
119363
115898
127153
109420
107849
116663
116171
105259
126248
130567
130902
116314
105574
111911
132520
115080
117930
121394
107332
112576
105760
126642
128601
108033
118815
114613
105356
125677
125962
103204
128503
130757
123764
114513
112754
124821
100487
123087
103441
114092
118694
107142
110574
119887
107857
117766
118312
121519
121673
100892
115243
100632
127221
107939
105522
110186
113413
105629
110091
111053
110165
119171
118042
122017
119316
115929
128417
131252
105765
101636
111423
118456
115397
131168
127670
127220
111215
116110
106737
114233
118524
114187
113477
104728
106767
130823
111863
118610
100528
117876
120318
101776
111159
117341
128779
113492
119404
120953
114375
119600
126444
117760
115803
101174
110543
129981
113462
123311
103303
119397
101386
123408
124427
121639
130840
112169
123446
130180
121774
120736
126057
120161
106734
128414
110968
127066
113616
123592
109764
115034
122475
106353
121252
106856
121968
119821
103434
113860
110839
118761
126051
108339
102782
122906
127678
101015
111150
103092
113969
107458
106337
113212
109944
131468
118882
116063
113120
113187
120691
114403
114020
101027
119573
100831
103189
103655
132227
110119
131263
110494
110464
117003
111817
130209
108370
128577
121693
113028
109839
115999
102089
130666
131863
101901
108325
122654
121314
113723
109878
107104
129532
122767
128147
131965
118605
105186
106758
111139
113054
115307
105269
132210
116313
114299
112770
102230
112528
132715
105007
104725
130113
116691
100294
104996
130521
101885
116920
114751
124662
130458
115012
108472
116593
129203
120474
114448
113052
114402
122433
100548
126152
122305
105654
110441
112907
132515
104278
106491
106560
104066
114045
106099
122958
129337
109808
100503
129710
104691
103800
113430
120103
102628
131024
117972
120796
123447
129985
103555
109705
116295
129420
109683
131850
127249
119432
125099
130845
120810
115980
127800
111464
118893
124815
131781
118206
105400
120590
122732
120990
111064
107695
109004
112124
123265
116387
104540
112452
104450
102480
106238
128669
124281
128432
111832
120171
102723
105972
109663
115735
119479
100718
119220
112402
131604
118445
115508
126231
120247
111338
112715
125617
130962
106915
109192
118526
114393
116613
103671
124338
113150
119951
114091
105054
111840
108917
114074
110835
128832
128066
113326
124802
128884
131138
100376
124229
105823
113951
106728
105187
111008
115018
110810
129008
118026
117660
106355
104883
121940
100414
119117
120621
101394
105670
103344
118358
110820
114594
124513
120490
131054
122554
104383
130276
109448
104785
124683
125962
112694
102700
106760
124841
105946
120567
125636
113506
100648
128484
110261
115621
119131
123541
122887
127933
128550
119100
100405
130317
113134
112385
119511
129945
109622
129700
101307
117704
112731
104547
115510
126312
101505
113950
101564
104434
126157
105657
101295
123919
116437
100290
115317
110172
104788
132179
120781
104298
132131
126522
116323
115978
103524
123480
109218
116935
106752
129351
107209
118707
117589
103744
128321
130919
129064
116539
127278
107589
120033
102231
113988
103680
113911
130173
100571
126815
103337
126784
119622
102973
124399
132104
114017
129237
125104
125040
104810
121660
108341
106476
109842
112687
128478
129967
121299
109583
130323
117196
106371
112938
127102
130971
109866
124220
116343
123742
128017
118838
132032
129316
127259
108605
126835
112366
106584
106230
115512
115729
118488
115713
109499
116699
114365
125123
109918
101241
119188
127337
114987
127768
109798
112425
114188
102987
101641
122827
123454
122797
113212
118377
102659
117703
119796
102771
104599
114484
124528
127477
103526
115714
130707
100381
114556
122460
110579
129272
117565
120934
114990
115068
101974
132457
127613
111307
106483
114736
103051
132022
111411
108722
120199
105344
116440
124145
107127
129509
130372
125217
117456
122971
110753
101133
122948
106648
104287
124087
105692
111700
101603
117310
102726
131664
119421
120581
101744
128151
122011
120338
128854
115716
131133
100788
132120
105732
103593
104041
100175
131485
122208
103678
117921
101552
118864
102392
110483
129659
101451
127027
124319
105057
103352
105673
110215
101870
106377
119349
122600
129302
106093
128185
129298
100285
111686
123389
116759
126077
118237
132600
110882
113827
105684
112403
110346
118138
102365
105868
109607
128717
105258
109081
110181
122535
124197
122831
100758
111197
109408
128321
101389
127182
127951
102636
121192
109034
122421
107731
124845
120689
109020
109926
119449
111357
115593
120744
129332
109891
126895
119441
104873
125590
124131
118705
122709
125101
125584
128791
104222
111013
118764
119409
130566
114761
118570
127861
122367
129426
110834
121215
126210
122730
115726
121467
107099
123061
130406
103173
128583
125586
119854
106959
114624
106206
110174
111171
107672
119803
127330
105066
118725
115151
101139
102413
123388
131087
100071
112922
118913
113085
131940
105288
108093
113135
105435
110334
121617
112083
105042
104818
111978
129008
132546
119310
125461
118958
123011
112407
126549
127001
109316
120208
110643
101602
130751
125020
108822
130214
120172
119460
130707
106867
118901
104824
107910
118921
103595
106681
113506
104029
101943
110390
100805
130020
110803
130581
125008
110861
100410
120693
127157
114832
109788
100433
112913
110822
127191
108967
100477
112280
121123
132314
113119
121789
112396
104278
114951
114878
128486
129394
132599
121437
127228
109722
100993
119030
124361
103597
101912
124164
120427
106660
107488
130278
127060
124533
126727
114660
117571
112182
129368
123501
103538
125062
120845
100258
129553
125993
103141
121881
125684
120562
131447
118234
130697
130534
103110
132526
104716
120990
111381
132506
106494
111597
115709
102566
119507
128963
121532
114658
105451
132177
112848
125099
126403
125550
111301
112683
131181
131898
129355
108575
131901
109313
129163
110813
104134
107362
115131
122005
107268
123056
111344
106455
122331
116376
119092
105301
103872
104452
100569
109291
103607
106048
116749
124380
110461
117595
108462
128095
120070
121809
104031
122458
111146
113510
113115
112493
114075
110933
129673
117810
114714
104362
126289
111811
109802
106989
102319
127101
122501
128768
100869
126724
101263
107082
126006
109191
100360
106518
104560
112454
108229
100661
118857
126033
118561
106987
104462
100754
105200
118793
123991
130829
102580
113750
116191
112999
118292
107315
100243
104357
112265
104575
127721
126519
129627
115385
110195
113461
100812
119140
125620
126952
116882
111280
119090
127884
103819
117846
125388
115540
129709
113604
125518
119727
104764
123258
107587
104138
108095
113588
132363
117846
101172
119881
121901
130699
130819
116179
121838
118893
109361
105488
100386
131406
110934
103304
100162
117140
107729
130160
100799
128188
117946
115919
113558
122015
115224
126431
128037
109044
114260
127158
104508
130583
110062
120357
123512
125449
121711
132577
132556
120503
116383
102624
122465
115327
130039
129798
107680
129008
131161
116737
120461
106961
107775
118642
117590
122981
120754
105549
107819
115694
115516
121730
103761
118896
119839
105949
108146
126647
128391
127274
131384
126619
105086
103582
122650
130691
124767
117874
106357
113704
102285
104657
111326
115356
113508
119796
118967
121226
100976
129932
109312
108991
132573
108896
103536
105193
104239
130871
117956
114335
120628
100856
124760
126114
117046
122896
131060
128099
120436
130836
111080
100293
105940
109735
132443
115491
125906
122527
116448
128661
126652
126563
130378
103535
129825
105367
127426
125195
128135
107004
130582
131017
110172
124561
103764
121171
121135
131071
113304
120614
118816
106035
121378
131150
121493
103757
112811
131952
112175
102329
126201
104974
130301
109467
104370
110855
113647
100209
118126
129629
118157
131572
124687
117819
117992
110910
109653
127287
111825
120114
101549
118228
130890
117017
121418
130891
121146
112777
113527
120715
114277
105355
116268
121470
102810
114172
129503
106638
132398
120372
101276
115304
124842
126694
112728
111103
108737
108615
102787
107732
109189
103539
128988
127862
111322
111372
112777
102980
102698
118820
131175
100218
117850
117341
104863
131692
126205
132174
108410
129036
112584
132393
119926
125106
126022
101531
108185
111389
121805
105972
126469
104629
126129
116360
131533
120594
122295
107349
114439
129730
122317
125414
130594
118599
117752
129143
127610
102496
111501
110937
108586
114826
120996
107928
103457
116933
125130
119516
125561
116123
107510
129165
110340
107871
102847
116794
111655
129971
104139
128316
130027
110156
130699
124822
110417
122618
118053
103968
106470
112354
126386
117733
100248
128782
102570
122057
129736
127529
118428
101743
114848
119683
123683
111193
132519
120668
103445
117329
105618
120926
104701
104456
115038
120427
104140
130814
103067
121497
132043
108449
111883
121979
100308
110265
120171
101539
109762
123907
130193
108644
127782
121884
125367
113373
106300
121249
124695
126770
119325
119189
117944
120861
115509
102147
107911
118950
110072
113124
109225
121390
116689
116034
100624
105394
119387
100510
107852
124494
105940
100496
119204
123648
102351
111277
109158
118191
131624
102573
101499
123244
101949
112334
121406
121335
104539
127347
131727
110213
110455
128529
130594
125376
103711
105291
112413
115472
131504
121948
102115
122137
129224
109494
128554
118149
115198
121064
117588
119299
121297
101829
127740
120463
126687
108227
122575
110837
114520
125601
128669
112016
125617
124237
104367
100696
101277
125444
106076
120092
110137
131259
110039
114187
128646
115390
109131
116601
101149
125591
104746
131552
104478
105265
121794
109349
130666
107069
129041
107549
131858
113109
123866
122704
103183
101727
132600
109821
126771
132533
123379
100446
119903
106627
106961
117292
127991
120560
127534
124006
118931
120704
124047
101199
119543
104248
117748
126902
109382
130564
116652
126585
119410
111191
127085
121164
114679
116753
121764
113847
108489
120485
125194
116574
119946
113275
102008
112261
127489
132499
103932
125907
121800
123756
131628
102486
115780
128036
101562
125128
116698
123616
127817
114449
114784
113518
132735
132364
126162
115497
110428
103566
115015
121117
122570
110757
127779
106860
105333
109597
103821
131057
106972
121161
121380
108066
117417
108288
117229
112699
109373
102117
101008
118169
107664
112875
132037
118883
119864
129049
129289
131184
105415
132235
125845
105829
111194
104122
120976
130078
128111
116733
108420
101200
124407
121935
122127
101228
105133
121170
124379
130502
129189
102036
101839
102134
100648
127761
128903
131198
117695
130042
108546
120238
114574
118965
129691
116677
104163
131109
102715
116057
117007
105259
103628
131321
128629
120941
121329
119568
119520
107862
114164
127756
100890
116830
118784
117696
119482
129163
105104
126727
107325
101943
106791
126123
114008
110869
124482
102533
131981
108399
101770
117733
118013
109233
126543
118324
109437
124203
109106
102615
120811
130323
105505
121431
112835
118985
111497
130239
112365
116831
102342
119622
120025
122969
126943
115502
113614
119217
117360
115692
111487
129823
106983
111241
112608
126871
125171
128072
106807
118290
101178
109705
103030
116369
126539
100845
106952
127071
130771
126651
126826
120215
106003
129155
106172
120807
131985
109313
124312
119443
124686
115267
108002
105917
100025
126990
116064
120547
122274
100479
112588
103081
106097
123374
126760
121817
116312
125975
108114
107432
121926
115324
113112
100155
110686
114181
131853
101993
110503
117226
125277
116675
106501
131026
105949
124369
120936
118589
111910
115103
117059
111647
103268
124536
125248
114893
122538
101106
121394
130845
125833
105259
121418
126153
120800
112721
120207
104213
116725
119144
109448
104882
129477
112967
130363
132321
107161
122340
104284
126684
117466
132306
117950
111729
105510
110856
120077
109808
120227
103908
132031
120135
121492
113520
125768
112236
102186
112611
114829
101115
128924
107115
103068
124961
118138
107305
109210
126392
130878
115837
108540
115123
118308
125317
109819
121533
130619
101856
110401
122397
117948
111288
114921
103645
106651
105727
124326
113707
108893
116984
116802
111871
122921
112378
123979
120574
106273
128369
129033
125599
115443
101413
119474
102028
101034
109759
119521
101451
109003
117897
108869
122909
114845
101237
111510
129062
110280
101473
132046
126671
128033
107161
124821
115817
103365
129181
132093
121875
109925
103461
121199
114653
114912
121699
115686
127021
118807
130952
117594
115298
119549
127113
120960
103096
111085
114211
106928
118123
113217
100893
123942
103200
114976
126925
114030
130176
125079
132317
112922
114982
113387
120655
124598
116155
102446
101567
101374
120159
127505
100072
116558
100939
127481
110954
112217
108981
107861
122059
128286
128756
113710
117435
100632
115173
124415
118684
101557
111757
129224
109889
110346
107520
101982
101110
121797
125057
101381
110273
106339
131306
116800
121832
105379
132431
115432
129715
106554
109790
107388
126323
113608
125705
127416
112323
121099
124904
113769
120078
113746
120792
107135
128850
128309
128617
127588
126755
104580
108663
119692
132082
120445
100758
110158
101263
115010
125108
116210
125933
120714
129017
112907
125478
108438
111602
121863
125630
106087
116207
107012
100140
120622
124329
100325
105622
130820
130600
112037
112605
106715
104932
117228
131801
126388
121387
132064
104166
120083
130498
114494
120991
131504
113359
128681
114921
102000
126966
114754
112436
100243
127171
129144
123133
101423
127304
102178
101015
107485
120071
109259
101676
105650
124178
104012
120319
132465
110960
109729
127731
104446
106947
112373
116817
108566
129320
127231
119750
125502
119135
108433
106667
108281
119084
107886
119177
110142
107004
123485
123613
106281
125132
108667
101144
120817
116295
107477
121834
107034
107054
102454
100544
126700
116221
129342
128652
112675
101068
114868
129220
121064
106099
122653
122797
127744
107505
103054
113625
111684
111375
126910
129774
102481
129856
100703
115114
115328
101836
106927
108324
109593
103213
105034
111957
123587
126905
104002
119510
131903
105346
131697
129515
105558
110971
129038
123073
116240
129500
109951
128756
112935
127943
125294
121940
129723
107051
109599
111849
127047
106473
131841
130613
126932
114485
113283
117176
106605
112703
123432
131258
114386
109331
120542
103748
105073
129214
116620
115824
122513
112563
124906
118242
130001
116589
116117
115863
116177
116565
127843
122078
104751
128229
130803
121763
105909
111886
124041
101107
129232
117975
128281
120765
132164
101704
123554
130262
122143
128646
124606
122688
122603
103999
112502
130988
122664
107848
114266
107837
113914
108677
116178
107919
104734
104714
102575
126456
117282
120703
102405
111118
123094
126665
109373
123753
119038
125415
118374
120490
102985
114969
111308
113083
118151
107080
103884
114521
125462
104610
119270
107472
102301
120709
101908
126726
126973
109726
128858
104379
126341
122194
112799
125967
127334
127836
107707
123717
132710
113848
116433
113862
101336
131776
117983
102505
103627
113814
131219
111601
116610
114881
115297
104920
119076
113179
113362
101707
115125
123882
112159
126837
123973
119117
122366
121344
124775
115674
116156
117465
125413
120197
130188
113972
114610
129475
104991
119761
131872
104944
129396
129149
116307
119022
103922
103643
129270
100880
114356
116836
120364
100150
103460
114605
126666
102969
132043
102632
107459
122249
112231
115118
107748
120852
107582
121340
116673
129130
115635
108667
117487
115487
132631
105476
121203
102513
104129
120419
123515
120107
102497
121947
104780
127690
105617
100075
110972
119517
111021
104912
109409
119218
123621
107339
115913
113710
128656
100644
123371
124157
112323
124655
131742
103660
110627
106894
104393
121490
119543
119799
118043
130358
109186
129336
105212
104173
106127
128952
111811
104963
127821
127423
108329
116124
129885
130872
113405
118171
110634
111798
127002
113091
107641
105398
107671
114716
132417
131108
113725
106137
105660
112416
121918
112631
101310
115457
102179
129000
109894
129178
124167
115313
120914
100797
123907
127633
127992
104702
122089
109603
102835
113337
129077
132357
131579
100183
102208
117114
104216
107212
107959
122829
100919
122212
104268
102200
112318
119232
118187
110083
106461
107547
103088
129776
128101
116435
119511
107991
132318
124964
123892
117646
122836
126262
107556
125195
100465
106074
132355
100813
129873
125072
120607
111992
128401
120910
125357
123071
111145
110972
119419
124294
102780
116931
127526
116296
122670
131591
100493
114871
109110
104498
126341
127907
123700
102964
115151
105501
111876
100680
109639
110044
117651
107640
128861
117472
130289
126307
107209
122452
100520
123454
114043
122553
123213
125209
105425
129857
111700
100451
114189
112761
107560
100529
129798
114731
125052
123835
115486
125059
116955
107687
102259
112240
107911
105867
119130
122701
131712
103981
128521
101825
116963
120845
119443
126436
111221
113573
101402
115875
103296
105199
118847
104037
128734
118056
127454
106735
114771
102356
114169
109700
117024
131330
105713
129105
109268
102097
119804
116233
109670
131123
129747
116941
132481
129777
129451
129870
125983
109295
107367
106805
106585
126642
114700
128963
125565
109855
105333
121268
114530
112773
126024
121450
130808
123614
108328
105543
131363
108370
102956
124507
124106
101629
109712
113983
120107
108274
114347
131904
113009
120192
108065
123840
131720
109748
111194
101850
101168
107550
107827
131653
114256
127960
109555
129147
128909
115397
124032
106266
119324
100887
115411
113546
121300
119316
125609
126176
119432
109593
119163
103938
100755
101855
113841
111372
124340
127485
126995
105971
108829
123310
106624
132713
104902
117717
130786
106752
132103
118078
126817
119185
117606
118311
114903
120031
130478
104703
129156
109944
105537
