118381
132612
120796
102318
121492
127869
100833
129414
118678
124445
131414
120940
117078
131780
108007
111212
114307
101117
131648
113038
123602
116275
120950
106154
130698
101154
120226
132733
122694
130443
108751
120061
116214
119852
131350
115434
128552
113391
112391
127398
117382
107874
107851
127302
127647
107879
128136
126185
114154
105005
122501
127304
104455
117598
109711
131471
105033
115866
128283
126572
120434
132389
122028
107365
114365
120796
122359
122478
118562
124782
122181
132539
121813
123592
101146
102355
108816
116177
121364
111078
110610
105048
101397
116832
111976
116042
105125
110014
103531
111657
130705
127904
123914
130745
105176
111136
121033
119037
118472
123235
100362
110945
127845
127341
127115
128825
116746
103482
126001
132458
102995
126474
126724
105831
128313
106492
112506
122464
115583
123102
119800
115894
119118
104516
106902
114097
100636
110551
108579
107381
116690
102128
128873
111922
115757
128102
125361
122780
132452
107172
126858
125339
109836
102910
116935
121155
104505
105797
118471
107782
105447
122008
111609
132392
123032
107134
122014
129396
106814
118578
111825
120622
119130
126526
108485
127816
126566
119371
105551
113880
131185
107320
105124
121802
101897
103017
130915
108498
100189
108898
122838
101285
126115
124564
131957
108649
111544
105590
104107
118122
110854
116440
129757
104462
100267
117365
120745
118795
124120
119495
119147
119767
100982
115231
100614
108897
126224
124916
116961
100094
125165
127355
131887
125094
119420
116857
132468
132448
124406
119894
132420
112891
121406
119154
125518
112127
105228
111292
129434
103395
126538
115072
116239
101760
100542
126848
100920
132038
120298
102215
118600
104622
128816
124602
132443
128623
114234
118768
127230
104181
108185
121923
102898
106383
103084
109991
124717
107752
118724
129595
111650
125752
107909
126494
109378
128699
128144
122756
106947
131171
108639
100617
110752
107210
131183
114245
124641
119658
128165
118432
127260
130064
112875
100967
121404
116878
107546
106016
117121
130224
130588
112667
123336
124530
129362
109642
108045
114800
121651
100946
100142
104606
104502
121314
130801
102201
124658
127300
121929
131582
102020
105010
107733
128921
128050
129258
110506
122720
109646
125317
122194
129345
103004
116612
102676
129529
109687
119724
118646
114567
122352
109588
108033
109025
109881
100988
114756
125925
106753
113888
118300
125074
129185
101453
106290
127096
115639
132596
104388
127853
105744
121469
123561
129666
101580
116637
132239
130614
120252
114667
111752
126185
111119
115951
105925
128403
115502
108412
126624
125621
112868
107072
121056
119184
127938
131738
124729
127382
108226
119723
117779
129054
113706
114608
101773
132187
131507
105359
111296
110479
122859
118959
120392
124284
106712
104717
115201
106779
100830
115085
129038
123281
117986
124558
118048
125791
103600
122560
129012
109017
110746
116794
113182
115929
107362
125895
132614
114356
104795
125569
116272
110189
100810
125346
108992
125481
100242
110742
105021
112099
132369
126293
114325
117345
102213
103151
110433
116839
115763
132712
114795
125994
100489
101831
131949
103687
114818
111978
124956
128373
102410
106396
105829
130873
124451
127594
104439
122841
120711
120754
123393
106834
101518
115580
104509
115469
116307
128141
112685
122640
114450
123706
107429
110450
125397
103035
130441
100369
120144
128832
115672
104583
112137
125448
117481
100953
121788
120495
130549
118642
103933
106119
100566
111824
117791
123051
118542
101758
117845
105616
119819
100802
103959
123613
129194
102039
107463
100477
111097
106845
128917
102386
105793
113616
126880
113900
103748
105527
107869
132634
109763
124381
121917
121152
111171
107973
115594
124298
106769
102298
102290
122912
107396
100069
110088
128762
100994
116867
104871
124406
122437
116821
102680
123431
126047
104249
111894
118640
128764
124217
119248
128082
125288
128003
120719
106499
112081
101785
116376
128704
114765
119626
102996
120931
129823
129249
114606
103736
104502
114716
115389
124173
127990
116832
122787
119944
105787
100010
103093
105662
106139
129481
115676
104704
126188
126667
117050
118520
106246
125365
130321
113910
119498
132727
125665
123524
123748
124446
120785
112448
120012
130124
109136
132075
104595
119013
128252
119229
102364
100876
108739
123899
126633
119374
111176
126924
123992
126748
132744
132681
109933
105343
123581
124115
127633
129799
115587
106409
104667
112901
120633
121529
124751
108537
126890
132279
107940
128334
112364
116845
104523
116037
109449
108626
130476
117552
108509
129117
127155
111072
129215
109083
119947
125024
116580
106240
109993
108260
121471
128251
101389
114684
127661
131404
125636
102925
116241
126362
108722
109826
122683
109376
130702
131135
123727
110825
103982
107734
131939
112220
108293
104446
105768
123545
113642
129473
118477
106532
132634
107508
131616
101281
123265
109932
111351
110753
126517
109935
128206
100540
123716
119657
129969
127200
130735
108256
109661
100584
112310
132010
128930
110960
102486
108126
132363
105448
114449
122120
127169
106728
127469
110625
106669
118979
127423
104382
128221
127583
128169
102663
120617
123972
117474
108523
126486
103410
116917
117010
128762
130936
102861
126995
101217
128322
108975
132584
120240
132659
126344
131999
129288
122356
121641
109905
110701
128395
117072
129368
125224
119855
128297
128957
121961
119386
100628
118256
126001
103201
131241
105148
116591
108481
101881
120441
104810
102778
123927
131972
116830
103840
101080
115436
100202
104431
106454
106862
114601
126751
108731
110756
103584
124856
121532
114809
100312
125224
129891
117984
131019
127250
114322
127942
112133
121066
116165
100164
118915
104895
107671
102426
109151
131671
102024
119897
102319
103297
102909
112223
127146
128679
132232
131080
118796
115363
132202
126499
127164
131795
111446
102435
100012
111728
102008
118807
126721
110107
100278
112349
111477
107961
115766
114834
122105
116865
107552
120140
121246
104787
128933
113164
129461
100684
132416
101870
116789
130711
116027
108451
115294
114054
128630
124705
111260
124897
127076
118681
111278
132734
120406
130474
104711
119057
102396
118228
120181
108614
109352
116527
131328
128525
101078
106077
107797
124981
100202
124093
130532
112957
123960
112609
113670
129895
114249
132419
100707
104973
120924
112179
120147
132408
124972
120852
109571
113519
116977
103624
105755
107981
112425
102249
128413
129623
129432
129338
119056
104588
105358
127709
116191
103485
105576
101830
110844
123550
112729
131567
124104
122270
110187
125901
114487
102772
108480
108164
125743
100474
107550
104023
119090
100671
102315
128866
129853
129751
124404
132235
126960
123766
132660
101046
116974
111934
105684
113720
100487
122196
116270
120974
127637
117049
118422
130128
126115
120408
111515
109920
108885
122843
117386
128871
107268
122563
110644
109698
108968
118840
124401
106040
100347
120349
114661
123568
132059
116200
100482
129568
114160
104881
130382
125065
111760
128904
100583
104354
126431
115468
122436
103697
101691
126266
121149
131297
120791
128642
116814
114737
126117
120608
131992
116777
111482
115113
128296
103731
116589
127972
128636
107111
123008
100828
108355
128326
131202
100147
106853
102828
124723
101049
110147
125440
102826
122941
123200
106414
116980
124068
113536
108503
132094
127032
113904
108615
106676
113474
132742
106663
112747
127194
127434
111603
103292
123902
115093
108079
131122
105186
118808
123478
102631
107655
122401
105620
132457
126095
124826
124084
123811
131408
106834
113884
131961
131111
132097
100472
102899
105486
100486
124788
118686
127601
129394
119214
101935
107070
130506
100011
110954
121148
114953
107913
112450
117661
121957
131380
101186
117206
124243
132317
108843
125102
116045
113832
119519
126869
114387
120485
122237
131384
115632
110594
121294
111186
131198
115327
105440
131781
115052
132641
124400
126185
103487
105259
113293
130852
117655
118858
104955
111547
116596
121104
110294
129767
108280
116899
110071
109356
116591
107703
126364
117734
111756
107705
128962
126501
126453
127309
105430
100282
108035
129019
115597
132242
122306
108325
102161
131651
131648
108093
130141
125413
126724
122421
105962
121891
129500
124470
107659
107409
125916
108692
114837
106817
101283
119810
106052
124817
105696
126210
131418
128838
129301
103328
115721
119519
107931
119136
113939
121891
101095
131957
119088
110589
110859
111923
111536
128137
107903
130759
105057
118127
126498
113702
125107
125552
109948
110659
103962
123966
121926
125061
119732
121745
113708
128120
111916
102007
124881
116163
123102
120811
107540
117850
101180
118186
120466
107252
115056
127042
116075
122816
116547
106860
132170
122195
101437
119963
111263
102373
130061
110037
126767
113342
110124
131778
107727
104939
112830
127491
103532
119861
109241
132292
114767
117076
127304
102037
105631
102495
109682
114549
108840
113287
112375
105520
120922
110085
124282
119020
124821
109905
114917
102910
101540
122517
114698
130818
105607
124769
115846
113706
102261
127136
122603
112086
132641
108235
106014
115301
111677
100956
126461
104011
119868
107654
117061
114276
100445
128035
115379
103561
117989
108270
108906
123488
122795
127730
117909
108152
114906
107586
107085
110485
110835
111339
120253
131656
118801
128295
131204
113859
115313
115155
103258
126188
130609
104227
111095
101552
108120
104853
132657
104602
104215
130851
118372
128164
100175
113341
109334
103245
123730
130038
126939
103147
115950
120574
129911
116035
109736
108752
121667
120151
122949
101292
114130
130943
103055
126920
129235
102331
112725
109635
108089
105032
110260
105562
105626
107121
104085
105694
116437
107432
100727
130533
106232
110805
101231
113857
118881
105966
122476
105006
116003
124872
105152
123087
107179
118317
110812
126940
129443
119854
112731
122389
109846
105146
110659
116986
120021
117104
103559
107581
106266
129458
126160
105848
128364
120827
112764
124956
125122
126834
121831
132521
108779
119743
127722
122405
101165
105757
109730
113863
123949
125616
103539
132339
112910
122650
126028
111467
101341
117577
130092
131011
116525
129938
129765
111125
101630
121604
128032
131319
126180
123126
118689
101290
116069
130275
122316
115860
119970
128120
101736
122864
113722
124906
110244
105157
130155
127117
124759
126484
109178
101795
113804
131670
124501
119665
120126
128806
119672
102553
121440
119610
104717
122275
104481
110743
109911
117469
115821
129285
127056
106597
102071
116417
121233
124036
122102
114035
114035
105533
121325
126815
126324
129574
112816
107231
112604
126839
119140
101393
101024
119649
129862
118477
114054
103585
116719
122074
116618
108884
132054
132193
123776
110861
106518
115361
124924
130341
125297
110309
120431
127826
110741
102835
124306
130683
116639
130119
101128
131531
129246
128064
116799
131589
121561
100248
114327
129303
107923
122073
118470
100337
126221
103310
116603
129687
124173
100600
124737
119413
102942
120067
112038
117492
101336
103288
128925
101450
111713
118132
115490
131222
100660
104217
128540
130860
127265
112003
103559
115245
109461
123134
119250
121436
115996
128886
117126
103724
111908
111407
109353
100638
100612
113078
122210
113737
114749
104215
121950
104762
114175
129360
120689
108031
127983
114694
119297
110975
109095
111735
117664
125709
100478
130480
111480
104508
115978
107775
109292
122100
105444
114348
121724
117189
128043
101092
123881
107644
120396
107254
106650
106228
104320
100034
119615
127023
122518
106093
126388
132005
124402
132186
132136
111324
106198
109398
109182
113977
104928
111891
114931
127510
121044
101592
128002
114965
126364
105078
127877
107699
101005
106878
107804
105248
124908
106673
120274
106830
107185
116152
110334
123975
129162
117014
127592
105669
132387
116314
115117
116988
124069
124057
128229
112827
122749
123675
115842
106419
131934
122453
117371
107030
118153
123159
106155
102245
117324
103943
103028
114563
118216
109902
118695
116237
109048
117393
122536
126958
132591
102179
120781
114477
113249
103545
115720
121098
120677
125662
127174
105034
112505
127079
113430
116175
115655
103466
103950
131435
118183
121259
118890
103670
106852
110743
122231
106398
112195
128181
107824
112511
106433
109081
106406
108404
107549
117147
114597
114476
105494
110983
127124
125312
131062
102038
109469
130307
116175
119069
124942
129755
128261
131717
125695
110544
103180
102139
113206
125859
118131
120680
112199
115361
132386
106404
106495
101751
106208
109799
101635
105288
113944
108672
102325
117245
116444
105161
104023
129245
122922
103002
116083
100701
112494
117629
119162
123449
117833
125922
105387
108739
103313
108180
103990
107643
105625
121900
111522
131297
105394
101189
124268
123271
130545
107823
126449
130154
125491
105192
100749
110210
119647
112199
111365
114328
131051
103291
100130
115288
109218
118452
101279
121255
106660
113184
122182
111671
131246
110617
100693
103768
130971
120221
103974
117265
120363
123134
130831
116079
113668
112858
108424
120605
103414
130894
100747
110645
109955
122215
107329
109142
114591
107225
124890
132343
131252
101876
112572
101626
131049
118739
107489
123524
107428
106711
131194
119053
127309
129364
101081
126387
131670
115337
108173
126932
117368
103382
128463
128987
103231
118825
119069
112730
118984
112570
123428
111962
111562
115192
124387
101871
105683
119746
121358
132111
120020
107995
104880
112291
110304
126872
109845
115167
128817
109020
119015
113103
119660
130630
129175
111411
129061
112297
118782
118413
120742
114877
131141
129400
110060
104980
113666
121403
101875
112719
120483
104862
119860
115089
125712
130813
107115
108852
120204
103066
116893
132283
132316
113207
114522
109832
124588
132069
104256
131024
127790
103191
131520
120139
105476
123898
120613
130608
107104
121097
114129
122336
104554
116444
120522
128225
102882
127552
103286
126863
116742
111757
104611
101646
111798
113204
119498
127619
125142
102296
106389
114308
106996
127007
110750
127181
123690
101256
101242
129588
103750
111999
117494
100575
127529
111470
132512
124084
114541
105623
130442
126993
105547
131168
130378
106685
124603
116461
132677
132383
130012
131060
111662
108974
120727
103373
129481
127657
120703
101065
105205
114184
107772
122565
100329
123314
101033
101119
130494
121328
112890
118312
102446
113698
114210
119482
131227
115121
111924
110987
132690
130884
127112
131747
125970
105527
107360
127050
108232
106057
118475
131174
117149
105876
128458
100356
129842
128195
122034
130357
118826
115071
120785
105243
110314
117034
126292
101443
106652
103888
118376
102197
111482
122714
125856
117066
119369
103685
108695
113598
111907
105235
127702
102150
118650
102593
114680
108644
122714
111224
112396
114104
131566
109639
100666
121753
127302
127121
114090
102820
118615
124675
128161
112916
107076
100297
124397
100756
124380
112386
106116
127057
120419
128113
115048
122194
120981
111477
118733
129804
107240
126779
113790
132145
101394
118578
118397
109514
107211
126911
104169
117637
127700
107315
130597
117840
105272
114426
109623
130342
104914
117012
118894
117801
126991
104906
101448
103922
132341
116121
132498
130853
125028
123763
123857
101448
121756
131879
113889
125909
115456
124957
111836
108173
124186
121926
120126
109072
105182
110419
122694
123307
120115
112165
105887
119153
105391
122501
129343
124813
125090
109334
120208
128982
132695
109447
128973
103844
119190
115981
130479
114658
132461
122641
108362
103269
128049
116774
129073
128892
119231
124733
127969
129225
127751
101660
129373
116303
108236
129548
131605
132299
101285
125906
116748
126024
100168
116705
104250
123886
115463
112078
118320
102427
119195
114180
119290
100021
123425
114873
129353
105918
107618
121121
111314
100392
115287
131297
125681
111851
103149
100294
128146
107606
125445
111543
129361
108450
108991
105704
111840
114381
129272
105041
130985
100518
115473
119391
126133
129316
124146
115689
130765
117243
109391
121701
112863
121201
132650
125020
101795
125806
103834
100123
127613
131283
127946
119468
104870
112909
122948
127748
104327
127466
110704
121726
128869
104875
108887
118152
131907
124762
108205
127900
115460
126302
111375
108659
128721
113228
128393
114293
102586
130048
104539
121715
127392
121069
101629
113816
126290
127921
119136
128669
121334
117996
105079
132669
110251
128851
100342
115945
128364
119296
116058
103868
103479
113932
113705
122545
110959
130144
113531
107028
112512
113864
112825
117814
113601
126794
101797
100709
117918
126645
120730
112667
125686
107388
121877
117622
111298
104901
104053
111080
128760
114110
119551
103472
119983
111152
129829
131209
131459
128342
128776
120353
121147
116719
116795
132300
126633
101010
115146
128250
107474
132418
131451
109543
101711
118082
101971
131089
107763
113962
114780
127471
102318
111419
120230
130272
129713
100848
120972
128098
119763
130773
113464
115076
123188
129948
117866
103582
130080
128366
125300
122687
127798
120447
102794
109159
120777
108005
114232
105718
113286
123306
107828
116325
105303
114464
116566
131508
102536
116084
127205
132259
125225
128646
102164
126757
118451
129528
130764
126738
109038
130694
112812
117788
118545
116117
130639
126980
111915
101646
126157
114446
113859
117612
104580
119986
117179
127508
103960
129172
111739
109029
103608
122806
120395
114193
126371
101868
111871
108843
117995
125841
102874
129153
120697
123769
122797
129451
127570
105766
123967
124516
102169
108351
100593
131737
106964
108093
106146
123072
107507
121704
104657
114795
116878
104450
132097
113437
116206
127170
113506
111452
120911
116100
106925
113159
123364
127294
123216
122346
117788
112182
128971
104848
101924
113266
102490
119640
130221
108656
127444
107467
116463
116760
132051
120365
115949
107503
110357
120658
129787
102029
105762
100020
128638
105553
105263
105922
124916
124243
107587
106874
106036
107418
120472
102969
116470
131472
120900
118226
104597
109746
126744
120798
117012
131212
118729
130132
128608
122341
125005
131162
123860
131639
108936
120154
110850
127842
103464
131671
126385
119712
101582
112514
110370
111036
113518
114696
101016
108927
129528
116271
104726
125036
103992
105889
125035
125613
125691
100359
130412
132172
103539
108506
117633
101030
115676
103798
116067
111133
128608
117361
125731
128014
103224
120618
129391
102659
111893
104101
106001
131881
107198
119958
120248
128260
113402
104891
120571
102497
120752
103023
110235
113036
126029
115581
127240
101060
123750
131378
107815
107500
130975
122038
117843
107139
115659
129948
109474
120278
108116
101815
113257
131956
103389
120111
121346
118755
132391
128213
113356
106385
109617
129204
103028
132109
130212
117992
100211
100727
103277
104116
128472
129078
115116
107470
127304
122600
114381
123901
108611
129183
116212
106726
101544
115530
107167
124963
124284
121457
127111
121750
110055
125478
103111
121853
124287
118328
108095
115142
112074
111017
127803
104484
102653
115298
107088
101986
110090
118054
112775
103288
132570
120261
106174
118748
112087
130962
112714
127386
125870
121366
117985
130727
114259
124422
117176
106866
104517
124531
105960
107453
104211
119361
112150
101291
132127
129498
121683
102170
117410
111907
129345
119090
102128
110000
102263
106046
117502
104756
119335
104891
103457
129083
114174
103087
126488
109851
107340
127549
118605
130855
126053
129141
113240
122407
107335
113521
102597
129541
129661
105629
131863
131785
122179
108630
115212
107719
117482
103351
120099
103703
131454
117935
113244
115270
113575
118871
111423
130379
132557
113539
123679
110269
126591
117144
107168
126019
103958
112029
109687
131659
123285
110996
100209
116223
120020
124938
119223
115572
120798
113645
119120
105509
125847
113310
126439
108961
102818
128071
128975
112768
125825
110191
122948
126875
120062
107723
116468
112509
130506
117847
131262
112148
116325
117926
129977
111276
123965
107382
107640
128543
102682
108168
110732
129861
117177
120751
127563
132018
122807
114470
104912
124065
123570
114726
100163
106539
107690
105400
103003
106173
122285
103881
125728
105672
111283
127100
129014
106682
107463
111044
120023
101678
107879
124721
120800
107359
125230
121866
114447
100835
104880
128413
125771
109462
101798
109011
117924
131796
112203
115719
123869
107755
118021
125976
130343
106959
132168
107453
100400
101392
114615
110105
110940
113930
104333
103824
106578
108892
109372
115672
131003
121243
100180
122963
111174
121671
107173
125084
121072
114173
112296
112480
102018
127215
128795
126319
130139
103570
126188
127250
109679
103574
129112
128928
113808
106011
114260
118092
120557
116258
132396
118593
103384
128065
115818
117745
108748
124316
125945
114089
100526
121872
108170
103273
121171
118193
105271
130036
123459
108663
127590
124707
121020
130612
106993
110974
109818
109769
115844
110093
113846
120474
131142
131692
102125
114495
114875
100638
130274
123005
116713
110115
126054
117620
121529
129485
130903
109081
101537
114127
121959
128231
126592
104599
128286
110802
107721
115422
126243
117117
108772
121725
100023
121772
113105
107906
112770
132092
114703
126083
118930
132562
108732
131890
116897
122513
130045
102450
110486
104720
111264
105769
117839
128331
102144
105495
122270
112728
130345
120550
105361
112797
114237
130370
122359
129601
123671
115882
101407
126944
121389
118471
113123
111491
103611
117245
103909
117711
100126
131137
101657
119164
100477
116778
116612
100617
120239
101450
123459
115886
113497
122046
101070
107155
109399
114436
122750
129855
115038
110605
112973
103507
129759
101523
115422
125816
108078
119725
131261
109974
117987
128929
110311
110151
105857
110841
104333
127883
104533
100313
116501
108989
132001
100239
115042
103365
125690
118892
105557
117648
110063
130002
107411
124605
123371
132751
125321
119705
101213
111977
125358
131662
127509
108538
106504
110167
103665
101823
113138
121911
131258
110955
115740
122731
101961
118401
129491
130205
117742
124193
104835
130074
103954
131106
123514
114822
107290
106850
106478
112079
132751
116826
124226
109663
126844
116470
122757
128150
108056
120995
122940
118391
101541
110505
132449
131489
108440
126139
107179
110977
127226
111820
118800
115143
129806
121125
115081
122646
108084
116149
117781
131072
126477
108968
113664
127537
102880
101947
122981
116714
105533
118734
126962
113074
101856
109882
109291
118856
110551
123238
122481
125659
119016
129813
109829
128381
127533
124674
114760
123862
108289
122927
116740
115733
109600
113274
125552
130604
129545
113521
100784
103229
120487
128359
131740
127311
109105
121032
116930
110406
105295
126889
132014
115986
112254
128931
102761
103462
107701
118242
102975
119852
111945
123257
123333
112631
114446
106488
106779
122553
105663
102465
112239
124278
116895
102295
124354
109752
121697
124152
124655
108165
127557
106157
105705
114830
114821
126495
119364
114345
118767
128492
106231
104833
111827
114234
121696
112012
112927
115532
115848
132670
115401
119379
112041
127357
129389
108678
105197
100180
126776
100468
131449
123371
119044
113049
125098
115127
123332
108080
112798
113134
116003
101193
131575
131390
122216
126747
125659
113342
114845
119195
126271
117541
100592
117582
117350
101946
132185
101979
120740
131211
100221
130532
100456
110946
124883
118678
121210
102645
123141
125823
131456
126685
125337
130592
101063
113865
113360
127172
113216
125300
102350
113680
124873
124884
122876
116954
109486
112277
104619
119615
132464
129989
104954
132079
122821
100561
129785
111564
103903
121520
121102
101812
122353
125534
112280
131738
113904
123276
109779
115676
124823
100246
128252
112592
111789
129717
101557
105632
132234
100726
129450
118105
115160
114794
127093
122174
122775
131103
123583
130402
129123
110416
112808
122998
127738
122201
113001
102623
118777
125165
124728
126220
132326
130827
119405
114182
100467
132654
108514
105544
128001
117189
130719
104146
122468
129506
108727
118905
119782
119606
101229
100225
102286
131901
115355
113517
121250
105654
103253
124182
110442
110678
127433
128251
104503
122301
106089
101336
117668
127145
106061
106874
101660
122474
103122
101841
123036
112534
111752
108615
130234
123389
128331
127312
105959
110303
101807
129602
106225
106845
129442
130920
129740
129326
108620
125009
105361
120211
123706
107118
105159
132237
110780
100829
120546
119373
112011
119935
131593
126188
121263
111440
101916
110684
111776
105976
104950
126623
132268
130205
115695
100406
112024
107516
132517
125149
113290
120760
130301
113781
114471
116465
116324
127042
127992
112409
117851
119894
129554
119043
110642
127309
111094
115773
110611
124475
127414
111776
110147
123619
124505
108069
114085
102954
107649
121595
120704
100555
109643
120790
106113
101451
124023
131721
119556
116272
118985
102103
121999
112494
100270
109958
101535
131106
109347
111030
130728
118658
125139
106609
112983
102420
116095
122499
128282
107551
112547
127116
109538
116320
120151
131411
120360
123645
104819
107101
129326
130239
132086
129727
125575
127611
104873
120880
126169
112849
100095
120418
100834
121881
125504
102547
118201
122523
100582
102751
116566
116478
128072
128216
127573
127748
123253
127192
126455
131700
112739
112534
107882
126551
106057
125048
118090
106598
130889
131880
121447
106180
121682
102634
120265
106473
121413
129069
111089
105182
125782
110175
132450
108464
127926
113670
118368
115743
118895
116493
107512
118934
110479
104283
129088
121184
132232
117163
118752
131096
105431
107671
103121
104801
102884
115701
121445
119512
110889
101991
123016
128327
129943
108846
128069
104220
123701
122431
104332
119577
128523
108697
109106
120652
131390
121557
116281
122946
126844
103423
110930
128120
124570
128676
100256
128018
125052
120364
132031
118991
129846
118378
100357
131645
105584
129394
118023
100905
132111
112555
121183
105818
129554
114213
108205
115839
115641
122668
104412
100709
125933
114973
107687
132205
125660
128888
122459
122430
127204
111159
111070
104887
121010
128862
101104
113191
132267
105172
113841
104897
109450
125041
119651
132170
120907
111704
111474
125461
106825
116103
108977
114481
121507
118444
119015
121569
116707
125242
127114
125772
102626
116413
112842
119158
130534
101483
131026
129391
114446
101627
123978
131787
115440
119994
129312
118097
123008
113627
122504
114168
120884
127758
126017
118799
127077
114261
119066
116411
110841
119315
117686
103078
131647
132710
123020
114678
111386
119991
110897
131196
109154
119696
121050
108078
116615
107693
127517
106968
112247
100693
109047
121358
113346
102635
132115
126565
112124
103872
111689
113379
126308
130091
110950
110515
119490
124892
124203
119069
119958
121709
105880
127926
129390
128570
107370
100564
117400
115827
104930
102213
119289
120175
101320
130113
110397
101443
117168
110748
100401
122516
130428
118336
120940
128425
104226
131547
123957
124356
128687
103637
119457
126899
128908
121733
111356
131234
114944
119716
127338
123955
131063
100098
130766
122065
126466
132727
110571
104001
117150
102685
104394
108153
107449
113596
123227
102582
108146
109702
126046
130761
112929
114437
110980
107697
107927
107601
111058
131695
107175
119686
128327
129046
124901
122485
122046
122914
110253
130714
117526
107530
115815
126543
125327
130841
102922
123454
101239
123769
113887
112412
128263
112017
115848
108437
100744
119185
115264
106114
107705
102218
109924
129378
107381
112708
117043
118536
122769
107530
106450
102033
107268
126665
110226
101017
120394
130585
108406
115887
126474
116763
125936
101637
121846
102596
107756
117356
100082
102776
105487
130688
102009
114395
113217
121376
122173
106724
118633
128546
118542
127283
100215
132164
126461
127908
110760
101477
101057
113956
112389
100853
111706
122051
129326
130474
119540
105227
121429
116596
125453
115600
112013
122036
116186
109769
104005
110249
104423
127518
121359
120106
116479
103490
106407
119195
128587
127939
108336
130586
100285
121312
100288
130297
105904
131994
122399
113777
122824
123662
121036
123540
100128
101121
116033
112004
128420
129213
131704
119779
122043
110620
130222
119178
112426
122338
104039
101502
105013
128079
107186
118303
107014
128501
119982
101539
130387
123592
116813
123075
121916
129908
100440
132020
116338
118515
112052
125273
105630
116318
111587
117431
116993
107267
130765
111785
123735
107193
101825
126677
117762
114288
124855
118494
131684
112396
117976
117724
113293
124020
104768
124425
128534
129765
115970
112316
107596
113293
107884
113820
101778
114005
119693
112653
101888
120574
121845
109551
123728
113519
105404
120456
102907
122701
126662
112318
107935
116429
103236
127370
118948
112326
124542
109481
110367
130059
122577
109461
110838
113911
124659
120755
126790
100681
130687
124110
127233
105522
115629
116932
107228
132269
117344
116095
132712
108559
124007
106535
121982
119519
114428
120982
118497
117735
129425
128269
122143
105867
104909
112165
102584
100698
131281
116488
113794
121315
116159
114144
117580
100042
104829
131216
123330
122651
104374
123299
120721
110045
108834
100737
117707
101611
121608
131049
120972
121343
118785
125339
109022
131600
110078
118357
130010
104158
109964
129793
115728
123595
110167
119853
100905
126700
128237
109755
111563
110432
128453
128218
116669
117216
119168
120117
126028
109208
124526
100970
107757
121653
105300
103613
103203
118848
116589
102414
114339
106666
121774
116744
108727
121768
110926
122012
110304
127169
106886
101037
131263
122404
117398
126221
109877
104768
108040
117161
101066
124303
119864
114432
130891
101810
114964
124378
125623
111299
132641
113462
112989
108007
110015
124548
123198
131106
113581
110612
118456
126064
106191
113615
132198
120849
127023
121893
127554
130340
107331
102726
116748
129911
101230
100501
116464
127902
121544
110681
120419
120898
130594
111542
122958
125372
129605
127709
112750
102370
110203
117631
103162
132641
106577
116103
118407
101837
111770
129032
103722
105140
129463
113268
104668
110073
124694
128528
126754
119584
112121
109476
118765
127845
112505
131447
113598
127826
117706
126330
118031
118416
122560
118724
112879
108030
101778
102718
115436
128000
121311
105120
108597
121626
101870
112540
116224
115389
112186
113240
130858
112224
119854
127778
107805
113363
110125
118880
124919
101840
123093
113349
102889
132052
103813
131531
102876
129068
131612
126045
104795
131923
103940
115155
119213
125819
129136
122660
126017
131946
113633
109655
102992
125831
125679
132667
128957
125237
119366
127064
103744
116831
109551
107301
118211
129876
102353
117372
131852
126166
118135
100426
122269
112749
103187
102283
117720
113922
132547
125814
130151
114088
110356
116468
120795
132285
123845
116823
114067
113970
100301
120137
100320
128551
119710
119554
105318
132283
130732
112319
132550
112674
127785
129647
126842
103416
126739
117167
124160
132308
112241
129784
113466
115489
113370
108823
103189
120873
121910
131294
114793
129395
108233
104218
104480
110159
111213
121541
125339
127919
100126
128892
108369
119352
109244
113715
131769
105113
113677
121383
130923
113692
114434
102420
115074
125306
130619
103848
105284
131060
107980
121656
105989
124063
129858
127411
111176
117760
120545
110292
129832
106456
115248
123291
100598
128833
122808
109309
106276
120058
131080
118491
102753
106496
100348
102705
130054
100958
101439
127888
121777
121413
116239
124622
116783
117087
116032
115964
120480
126561
131972
108440
124629
124128
113897
126468
122877
108389
111011
100407
106625
118723
111884
121267
107820
111016
110057
116918
109455
131955
125935
118197
119716
100677
128646
104198
132273
128603
112844
103645
104815
129179
110301
131449
104300
107116
129106
113055
128430
108235
128007
129352
112281
105372
117026
118935
121107
112189
131408
124173
124133
112225
104530
119552
104036
127772
107705
115529
126290
114234
130541
100670
107263
102869
131956
122080
117683
113703
125297
132437
108368
130460
110187
100248
124212
118059
106064
109935
122717
112359
100026
129181
102608
100561
131184
120409
117563
115185
127536
108288
126937
128933
110764
126471
110486
107832
122834
114227
104052
104886
129360
112140
124461
129023
105560
106639
132122
130331
101024
101923
130643
131277
128686
129486
125976
124011
100178
118441
109935
123884
111732
123281
118287
130371
123151
111392
102269
123372
120446
101851
122485
108228
132343
119981
112523
108061
109909
103829
114450
116754
120858
111771
102461
107800
114100
115464
100228
112342
132095
120534
101449
101175
128268
128614
105916
110013
103201
126065
108284
113432
110080
104513
122495
119543
122220
101921
111795
121886
132330
105490
103909
118456
115909
100031
131939
129263
130132
103091
116701
127419
115071
110026
117521
110071
127360
117989
116904
125882
114407
119266
126554
124900
123105
101836
107865
102903
116665
111438
101101
111145
129695
118126
121947
112055
131753
102008
121356
103803
100119
101175
124395
101057
130779
112235
123151
132695
105305
110712
101530
105955
118891
114524
127457
123769
105896
131811
103885
121709
130278
112926
129921
132198
104957
108305
113212
107956
112590
129452
109185
120804
124548
111357
126582
129937
126746
128931
121227
103037
104478
118918
129883
110304
108468
111813
119255
126207
116445
126960
124577
109313
109049
112760
121782
127742
107147
100963
109392
117594
130621
105028
106251
123217
120612
128107
115270
115154
112964
105561
119756
103569
115031
114807
129716
101720
104650
120327
115333
100253
127753
110938
107166
131162
126972
126531
103637
123417
100305
113869
130911
120654
123901
124457
128496
104170
117117
105962
103970
122669
129122
127861
131867
103100
107660
128946
115818
109555
125878
125704
101427
129660
126131
100233
108684
122657
123894
113513
107558
129502
127320
124853
121392
130619
125718
128833
131448
106969
123417
123363
127700
121162
113531
126942
110272
120613
131910
119201
124488
131418
121983
122802
101161
118980
111203
104165
109363
118525
102128
107729
105201
108150
113319
104580
111500
129223
100753
101238
108525
126787
129408
120508
111906
113104
132503
108670
111107
126966
119564
101803
115221
100405
105261
115691
110510
121244
128673
124886
110938
121751
126449
119651
106110
104457
127815
114851
120635
131994
108917
132271
123797
110675
105528
128735
101845
101992
118206
120892
130091
110420
114023
118584
101784
114475
117705
117661
130571
108588
106486
124612
103883
103574
127489
103431
124948
115390
122558
111992
124165
122717
108746
125140
115386
121390
101067
106674
131509
125113
130809
122368
102530
109417
106462
105904
119450
108773
132697
118447
102025
103325
116969
123927
100172
101795
131112
120741
115965
122557
128150
110701
118962
118968
121240
123340
124834
108031
113089
104095
125321
122476
129103
113842
132686
114269
101369
124028
126691
117771
120552
117001
101742
112407
114691
103479
100518
122470
127343
111397
104063
124975
122966
118505
123401
106578
131560
114049
100501
102636
119200
130828
127515
100648
101577
105275
100568
132696
116544
127746
103483
111428
114043
121491
113410
127425
100298
102284
127137
107142
103133
122735
119267
106300
131463
102996
111827
105172
121793
126426
126941
121885
110322
124003
105521
132758
131950
115841
120680
124289
117564
130219
116842
126264
110108
116533
125839
124612
120520
119423
125444
129452
107899
113004
131185
100363
125872
122901
112856
102629
103724
100543
129985
101563
123454
111883
113812
129117
104262
108397
116038
131584
116084
104671
124215
101520
102610
128727
100187
130376
104325
114038
127897
100223
122448
115202
114544
125637
124505
131478
111072
120622
118832
116760
106120
125934
110605
115564
130060
132134
128857
120551
113081
116222
104304
115463
104556
108532
115110
128353
101039
122996
125064
103642
122918
127912
124516
106010
114730
119697
126219
107582
112563
116311
107221
100813
122491
100061
102630
116206
120672
119705
116400
100824
110602
122787
120505
121481
123855
121355
102558
127675
132563
130928
105561
131348
120436
125390
121535
104093
116709
103064
110412
121205
112152
113415
104227
118727
120290
110257
110929
120569
106330
103517
105554
105254
112514
114966
117974
107215
105769
115070
115141
115405
105743
101733
113024
102026
119115
104858
117866
104561
110570
113665
102567
104099
126169
103910
109347
114668
111365
129169
127446
128245
129216
129051
131911
100795
127847
106624
128847
115519
126529
131316
101664
122240
100523
131451
129669
109990
106354
112308
114796
111744
124289
108533
108705
111920
126908
113565
119004
107557
112683
114086
124670
131658
121947
111738
129688
129149
105217
129032
100269
116547
120033
114454
106169
122554
103662
104153
118257
111311
123827
129219
110541
106416
125425
127644
115396
127621
108170
103636
126550
125531
113565
105240
121168
116064
104179
131875
128332
110166
129434
132567
123767
106050
107215
108172
104087
132708
107042
117928
120396
120428
103636
105327
100245
111339
119428
130077
122519
126984
118026
101938
122266
107636
108452
127502
116053
125088
117072
106941
121451
103981
126584
117780
107573
105380
130516
124413
100546
112743
107661
124431
125468
111847
130462
122466
108749
125720
116864
125089
110498
111394
127750
104544
126127
100442
129670
124848
121747
129648
124985
119281
132350
114409
126180
102632
104304
128720
122808
110610
130371
130217
107639
125495
103403
118439
113881
132417
125053
125215
100654
106575
105838
107835
130116
108550
122269
126963
116363
124199
131220
126265
113783
121191
115723
121716
130086
122491
114350
117552
104003
113522
127009
130836
114218
107591
102976
100372
116045
120759
102315
127464
124374
118608
115586
103356
106638
112075
124525
121129
111101
104347
117984
104292
123603
131526
121501
115381
112518
131828
118650
104491
115517
115397
119140
102287
106989
107368
120740
108950
122305
106858
121697
126554
115648
124363
127334
110603
125866
114263
110886
124386
128802
127027
101629
111447
117778
104631
131001
126868
118348
102523
111449
114985
121965
132277
132373
107009
103431
113346
101022
122773
106751
111106
130214
125791
105523
104425
109219
102290
114016
115283
121808
121864
123972
107544
115061
122748
113919
126945
122473
131321
132031
122170
100309
101778
109468
115688
123706
118356
126145
131452
132534
113273
130509
122152
104579
104926
130169
122322
108224
109496
117114
116327
129140
107906
121769
109682
106192
106042
118369
122093
103860
113100
110376
131926
106101
108751
118418
116486
112606
118895
104547
119487
120692
110250
112372
129668
116734
118464
132568
127917
119109
123364
104382
119610
101657
118840
119705
116328
101780
120312
126207
113026
112803
131317
113615
123130
130241
107078
112407
121016
115462
100410
104245
118194
115297
103569
123708
124349
104482
131819
126361
121250
117179
127872
132086
128373
103367
101906
120414
127778
109131
119072
121250
123721
118332
123229
108796
104524
121922
126304
109299
116646
112828
129437
130430
120190
113924
108692
126316
130683
100852
119624
130307
119771
123817
132595
114152
114111
129670
111864
131647
128969
116092
114201
108818
113641
119177
100842
100855
102260
109183
123269
115693
124535
114951
117888
127880
102730
127461
101148
103502
108648
103038
131263
102752
125565
108183
107173
117085
114881
107359
114386
100739
122245
123824
110411
115735
108811
110994
118149
132615
127131
100609
113182
126927
101331
129008
117963
112025
126015
114573
114834
125608
117546
105159
127033
105462
125363
118285
112382
130588
104227
123993
117128
111219
127357
114030
105246
124793
103511
119134
107287
120950
109033
118094
104081
127071
103012
126333
125542
103418
103813
112771
110940
120643
119401
131031
109212
107023
123299
117140
103526
100335
122252
100221
104194
120663
115930
114494
121850
107519
125812
100341
107910
118922
126341
131312
129608
121702
121039
107960
112953
127731
131139
107343
109028
103655
110030
103095
122066
113905
108149
113843
127045
124572
111780
117458
101673
124535
109763
100776
110663
122483
106507
106591
103356
119180
111000
123247
117929
105131
115135
104617
127277
117451
123809
129658
121488
111195
119040
104558
120769
104932
118866
130803
123907
126444
114964
122976
112099
123418
115297
127285
113261
118683
108483
121252
118943
119491
110665
122961
121118
125944
111578
111191
126504
108492
113352
126091
120778
103017
111528
117252
102483
129586
113506
105435
126216
116135
109444
126511
114457
123017
123612
130668
131284
132159
130117
124621
123673
122745
124865
107296
118542
123155
104904
119498
110611
109116
115936
121866
104953
125911
119150
119938
106350
111393
100300
119539
126140
125333
106651
101960
129716
101389
110427
126422
126436
122153
105273
126690
128529
104180
104999
131939
115169
122821
123442
118282
121559
132708
132368
122752
130436
117102
109049
121071
115196
110075
104889
104387
108680
108925
119042
118450
122522
107244
101638
110585
118790
102176
132677
101609
120942
109694
118180
102051
108798
106966
131008
125984
112218
132236
115329
115060
115413
100854
114930
126035
121060
124934
104784
102868
117202
108841
127329
110965
132277
128878
107782
125279
121248
107243
115476
118764
130330
124765
117856
132711
122831
111886
125209
125203
110214
131324
100443
131182
101971
122935
105984
104374
125198
127627
127674
105645
122371
122975
113247
109722
109291
126941
124035
127632
106780
128339
121676
113394
129788
107225
107650
122935
107963
129845
104678
128235
119618
125947
107973
118518
125030
119545
117964
120865
105314
127697
120350
116694
120452
105192
125092
109095
111398
132735
130212
120851
106720
112416
122006
115972
101628
118332
108595
116123
106026
109074
101838
111536
120949
117202
110055
103317
114038
113923
122110
106139
113864
107042
112549
120536
100540
129164
113881
100391
107341
117150
123538
121455
112470
126234
120985
121129
102914
126156
126362
103452
118916
117614
117370
114027
103945
111306
129002
125138
122347
118046
123453
118829
114216
118212
118646
115002
110098
126226
129958
104607
107848
121728
118645
126511
108260
126984
124158
120425
101622
103891
118496
122177
108594
113937
120209
106020
100325
119593
106230
105782
130606
132626
128049
116190
111722
120576
104891
111236
123888
114756
126386
106905
100095
127597
114804
113624
103924
126132
105324
102348
107712
128151
125484
124563
128154
110787
113084
120289
118257
125751
131634
111432
112293
114343
110211
117942
120950
111390
120473
100927
109501
101864
122790
122140
113242
121007
128695
106484
102125
123876
104844
117851
107593
116833
106919
108953
125221
109644
132515
121004
109589
118590
115911
123280
132025
106916
110811
107965
100148
125798
100922
121842
125664
116167
107049
129329
120129
126093
128871
109322
131127
109153
131334
116509
129655
124024
105336
119771
105787
100723
117741
102028
100921
124804
118237
103062
116178
110035
106208
132604
115085
105760
130246
126757
125635
109481
100836
104415
102812
106574
101292
106915
113722
125171
128897
110363
113203
110630
115145
116449
101445
128513
107331
119690
128069
110674
116890
124131
115033
112122
106555
104058
109671
129427
113252
114528
121037
120662
126846
118574
118099
129595
114861
130118
129373
105569
108197
108379
105062
108209
115391
104500
103849
127935
108108
128940
104993
113136
107561
109310
106164
123106
123028
128063
102572
116232
103229
130092
116326
111765
110496
108838
100942
103580
124819
124795
119307
103797
113691
116455
128502
120674
102532
102747
130257
120946
127921
114428
118710
108710
103344
125807
125517
108883
102289
110676
121666
121799
105337
100624
108790
131887
109298
107472
126581
105913
103813
115659
115881
129269
125323
104647
117709
124289
123200
110558
125219
118245
110105
123266
101610
111804
101976
123071
103563
122389
123101
118720
105747
108568
109375
130453
121317
120557
116251
110899
115633
120793
107436
107964
111520
114602
124060
105473
114385
100438
110362
107846
124425
119263
130093
101189
126374
109177
118600
129397
127445
106991
101406
117643
101125
109635
122551
107841
104092
104341
125380
112471
129000
104773
110384
120280
124248
112220
124663
115615
103916
101160
112699
120601
123626
112167
100501
121933
111059
125479
120233
120857
113301
125866
118013
102590
130562
130447
103947
130975
131201
131311
131732
102469
105731
117830
104760
118951
132153
130515
110148
128680
113669
118081
130763
122594
111406
106630
131576
125090
114007
124940
124066
119603
101170
132622
123681
131168
127729
116038
128352
114740
105725
107205
131380
100868
125163
126754
100076
116400
106156
101078
130090
102437
114691
115175
116977
100902
101948
101060
105214
112717
104476
109680
131932
128332
123924
102371
102963
126841
101049
114862
124129
118410
120185
123101
121419
124572
112006
103457
123253
105595
108311
108079
104017
122653
120016
127075
106709
121455
102270
115369
100944
116565
126472
119709
130302
130283
108963
130033
106970
108306
100932
114959
102579
116264
128859
127744
132738
121878
131262
123277
120315
125584
127971
126116
116322
108184
119123
127997
119968
132420
112219
125436
101014
132546
102149
101850
123057
122009
107591
102656
122303
123953
121465
109491
125185
128662
111628
124150
131713
103545
126074
102828
120229
130424
114553
118526
121349
105887
110708
130044
128634
128046
124475
128647
121463
120732
126714
106350
131485
113373
131176
125399
103817
120801
100416
129505
106993
123741
106741
104071
118511
110029
114338
127688
103836
120250
108607
102916
107233
126776
102683
117674
121994
115892
124550
111120
113820
103660
107982
123042
128745
127551
118382
128319
105697
108327
115841
112864
111531
115716
112509
113531
127093
113179
123165
124711
102152
108510
110751
118400
128671
113262
112176
113229
106745
116830
123557
113248
128941
100794
126827
114110
105406
102727
131777
128512
117615
125709
123940
100857
121432
132115
120075
121753
126906
114538
123349
124177
130832
121964
114432
127288
110310
102982
132763
111406
106990
132276
125438
131391
120401
128524
109496
112394
102211
121470
128457
131810
130266
110746
122898
107124
103968
115474
113417
119466
121191
112578
127665
128720
124636
102381
105930
113398
108895
130506
101700
112021
131474
111423
126970
117877
108336
101868
122525
123085
111777
115819
123886
100013
102603
129238
120113
117657
109354
119946
102110
118902
114211
102699
125337
113323
101269
103145
129892
114816
116658
129025
129300
120009
108045
115078
117761
112073
113907
129377
110594
123729
111359
129431
126361
114728
125673
112842
132202
123567
106911
114691
121330
121029
111255
109998
114805
123625
128611
125414
125496
125598
126854
126963
105713
112660
113030
119057
113020
109316
126530
119923
125903
129756
128390
120968
104240
115228
127709
121213
119462
121088
116134
114947
100781
115551
118634
123730
103725
112083
128109
118126
123053
128538
100995
116905
126916
105148
109093
112489
120785
126446
103876
110379
131564
128951
109405
127944
117021
127825
103502
112631
116939
111570
108392
116500
126839
113676
110917
130080
108970
101809
104156
109064
112939
127931
132690
121130
101494
117770
109076
130581
109162
103503
102946
101776
132674
114218
116654
102879
118726
102031
114405
107841
103362
101486
105229
128445
114872
115347
129232
112158
123858
121035
111319
106557
111130
116808
119963
126078
111085
110406
110456
123549
104621
100335
116228
124843
110775
116348
131486
109907
121749
107166
124490
124514
132212
102428
112828
107655
104152
109245
117426
115542
118158
104808
123271
132243
126435
109706
125701
115118
115475
113592
128124
120458
126468
132758
104464
108930
122164
105719
119895
128174
131312
102981
131620
111714
102344
131108
122013
122616
126783
105554
118676
117200
103623
124369
131092
122772
127724
109897
115513
101313
116431
130216
128837
130915
121302
107019
127729
111392
101282
123361
130817
117367
112705
103501
101915
113738
118437
111053
108249
124058
109397
103194
111645
123795
101219
125007
110501
126408
109470
109388
121567
127423
124936
102749
129534
112304
126859
114711
116045
120970
122855
117123
132291
116023
122351
111487
100824
106273
130549
101984
129944
108789
102531
122588
108790
106151
108364
122664
120162
106422
124513
121693
111518
102065
128424
109856
131789
100858
108171
105090
131533
123338
106989
105509
109766
110453
111202
118433
129283
127471
130719
103205
131841
119695
116783
107362
123590
130324
131688
105636
105076
104934
120222
116290
119582
127390
123542
104249
121818
113351
121405
114452
106264
101094
114074
112143
131634
100281
121346
104571
123716
114109
120203
119140
108861
114674
122819
120946
105014
128226
121505
100109
125955
111840
102331
116932
115464
105870
116154
109296
103246
114338
117259
102292
104407
132073
115416
100232
119854
131212
122167
104407
119873
130962
109473
126565
106099
130470
116901
117205
101358
127002
102877
104617
129846
130349
102178
103339
102660
100745
121340
120716
129873
114448
104796
115148
125617
127192
124302
103641
112098
131188
108649
108411
121765
108662
118217
107375
120524
118833
120895
104275
129173
117956
110086
122818
113974
111444
111161
109503
118457
106648
130628
106583
109066
104859
118681
122754
105039
125373
130468
128587
130679
107003
101376
128560
101654
105841
109803
114124
100976
110365
116727
111795
107731
122086
121091
130718
125739
117725
113514
125384
102864
115138
111994
105623
129442
122826
120872
116351
109912
129695
100097
120868
117013
111529
113764
100030
131132
112524
122351
106178
112006
116210
111927
125375
121170
124554
123068
109445
131644
126801
119068
129677
127984
114704
108166
128917
100417
120613
131698
108683
110197
107399
106895
129708
128227
112645
119293
110573
118977
115662
104893
113562
104503
128054
106854
119357
123575
107447
112409
110785
115601
129590
130486
122583
103106
123528
105552
127129
112653
129333
131551
101229
109646
120956
102709
111149
107786
124311
117044
105605
106058
131904
113981
105884
112298
118131
127467
122358
102829
115318
127490
126105
111699
130327
110498
125806
102382
123957
132545
121579
110385
127873
126424
116975
113034
131462
114139
124653
114866
108263
131695
117581
101506
109288
117080
123407
121096
104752
127024
118962
113370
124110
117599
119124
105898
113785
112967
117018
102683
128028
128447
105938
120787
108434
115139
102103
126161
129709
111465
103733
127745
105086
115223
102158
115470
123856
123636
113213
101240
119542
117148
115256
112358
106695
106776
124219
101565
110822
119053
128163
114673
111943
107315
111768
122908
109294
122121
122606
123085
103418
106952
118093
109346
103139
110741
102032
126361
117504
119546
125804
106019
109132
102295
106066
123514
131177
128277
115350
119477
100069
102748
114384
117274
114365
125190
110211
113203
116511
131859
102140
111652
102772
122078
111485
105531
104094
121423
115867
113609
127358
132691
118501
107824
131770
112521
107718
106046
131517
126271
104365
132281
106239
129180
117866
123195
105350
116254
110300
105536
129453
121672
116937
100734
109348
122004
131085
114037
122936
110511
131063
123206
121940
101861
119280
129224
127944
105178
125277
118489
104138
119676
108231
130034
101818
125237
103993
113407
117419
122213
126186
131181
128030
127247
100892
100228
101648
113875
130884
117239
122424
132380
123755
103865
132234
106138
128468
111891
116991
128755
119775
122100
107928
103861
116269
120200
105377
108944
125189
102667
114483
128450
111607
107744
105468
111570
107711
121053
120642
114049
102764
114922
111398
103166
124353
103626
120614
102745
118747
113208
131558
126266
106516
111926
100400
116179
122920
127650
116025
123923
124310
106762
122918
129564
123721
101313
101070
128760
114296
109618
105922
115335
109259
124277
112011
128444
119231
106016
111922
123657
100683
109664
119302
131864
122308
116808
101529
104892
127742
129128
113420
108327
131252
109730
100492
129373
126505
129849
101917
127465
119056
111659
125078
119758
119721
114369
126957
110016
116270
128356
127925
111764
122733
127922
106725
106998
127158
101073
128219
125786
102647
118787
123297
124213
131878
129403
100206
108140
121823
130416
108400
114700
109135
108399
111560
105789
108624
104437
106711
106353
112085
123453
121784
117473
107401
113751
100877
104250
102579
128378
128767
112787
122973
108187
119168
128163
100789
119102
106451
120881
116659
123021
101455
123083
125948
114855
126816
126651
121095
131130
113358
103223
124798
110676
109122
102104
113383
128630
122118
103502
117123
132331
113932
107345
105334
126295
120626
102362
132393
131475
100548
100756
123117
112312
108098
112525
101345
114298
130916
113714
109077
117432
123996
111994
128495
110416
102491
101729
106190
120376
105814
110232
129774
113099
124170
127355
102540
121184
127806
120131
113226
121889
126280
121213
125652
120347
103122
101307
119748
123793
113630
105865
127939
102038
129032
104098
118769
111323
111371
128868
121992
119749
131719
122754
121020
104642
131330
101625
106981
123870
121388
116549
115167
112273
126055
101076
113841
121051
107398
100539
123246
128659
127189
118440
107097
108285
132186
109335
112716
103066
109403
106953
103771
109380
129057
132210
125620
109178
104187
132019
116169
117240
128133
117831
100530
125578
104745
132225
115148
105763
122343
114166
108199
115241
122450
110455
112159
111380
117723
117570
116168
109111
132690
132472
130704
122077
105898
122578
101535
129944
106749
100240
132738
101590
122575
110259
118665
120245
129687
119148
129389
115993
129916
106196
125238
103675
112732
115677
115548
103940
115986
111497
123693
121178
115961
114522
123246
109754
116396
103433
126533
105671
101648
126587
131671
127393
125333
105712
109357
121274
101304
106622
128732
112357
125389
131774
115429
115120
108283
111557
127578
128756
105096
132181
118594
132010
121942
102485
105279
107264
129710
109951
103278
107181
113981
111193
125839
131457
104796
108902
132198
121920
113557
115869
123232
105648
117346
107802
106874
106225
116279
117524
130911
114957
109251
115215
105680
102608
111988
122194
105801
101338
128313
104604
119778
108018
100235
127251
100467
100765
108206
117373
104443
116463
126260
111794
128067
124066
127684
107857
116414
100197
108057
129459
113332
107382
100429
120093
111263
126067
109912
110394
126166
128878
107988
108232
121704
115519
112131
126097
111435
105246
130578
121501
128694
100209
128927
101286
130763
114914
126074
100044
116857
121269
117416
119690
100513
102744
129454
100841
117623
132668
103692
111347
107308
113124
110599
101739
109002
105276
100011
101051
121439
101163
114705
104494
132445
102251
107998
100447
123969
108441
128268
110834
102515
129160
109549
102529
123245
115163
129388
102617
128544
119251
110999
112999
126355
125797
125786
124397
103118
119440
109453
120185
131062
127725
114994
107928
130233
119944
112375
101831
105453
119534
130563
126762
121971
117383
112110
101505
119138
110630
112145
130647
103777
116447
113665
112508
101717
124953
123734
110006
114237
102883
117425
129716
113241
110476
100861
100675
125330
118893
122356
107205
110870
114954
109797
127198
114243
113242
116917
116592
129222
105314
102949
117450
122884
123145
123218
116252
120761
118823
120706
116270
108510
132575
130589
117842
111569
123439
120570
109976
109744
131269
115164
127552
115461
111636
121661
117109
105385
112296
112714
124216
101346
100022
107566
119450
123087
106488
115347
107054
112134
100279
113510
128190
106363
122666
119771
114749
109220
126974
104626
123133
129754
124726
130488
117538
132355
111157
104080
127063
110190
111129
117939
110015
119550
112971
112310
120366
128651
100180
128204
109722
107909
112371
112267
123596
116954
119404
118259
127067
127258
131618
127916
120283
122074
100712
106639
106578
114262
132501
106600
114923
132186
107350
115194
101615
109154
114249
116804
129520
119808
106183
131331
125512
112510
117249
107640
105922
105412
104526
123499
105110
126333
132547
114800
107163
110454
127237
109929
100536
117318
113755
126540
129691
130868
132359
116775
103086
131669
124119
101217
116295
131061
127479
123970
132128
102712
127241
103605
104198
123905
126327
129869
106709
104979
109576
101255
115107
107383
109490
105295
114492
104477
108720
108997
114895
120006
120276
131904
127718
122656
114717
124563
108443
120115
102540
102288
116489
125949
106548
117451
107522
115033
103057
128673
100608
132390
125466
103800
102749
114084
117529
120135
107206
109345
123067
110682
105197
102102
104547
101199
132478
121100
108356
128101
126549
131715
101935
124918
107502
103699
102313
114241
130588
108436
117825
108141
130302
119036
129313
119499
119855
120519
124130
113244
112190
105116
114341
103315
128094
101165
119647
126043
116318
105567
111988
131932
118491
101035
131720
116346
110516
126403
113553
105119
115390
122489
123697
118971
117433
111581
120388
125961
110723
105382
103093
105875
106636
102868
123029
104696
105610
129939
102766
108141
120174
125281
117204
103938
123286
115827
100670
129063
107332
125781
123924
114542
127823
131538
107529
110482
123928
129043
115371
114105
110784
101643
127544
116214
109720
118802
108724
113170
116441
124367
123192
109964
128662
103516
100237
123614
107246
121509
115194
114178
121734
104209
101721
114741
128311
131429
122736
127227
122627
130021
115583
120931
115534
131004
107798
126604
117066
108701
113961
107624
101044
107435
120166
125376
102846
132502
120262
119928
127820
117767
118883
118037
121186
101951
130953
124028
102877
106747
125455
112380
128354
111002
106984
131215
113301
105601
119029
116317
100747
131775
100381
113026
123777
123629
132256
112401
111310
112984
122792
100697
104214
125795
121890
118375
115137
131622
116427
108492
128683
129115
105614
104352
132381
106363
125709
110278
118013
122916
106366
127090
107585
121278
112568
102121
110761
107870
100749
124296
100782
114666
103515
119816
112310
122751
102622
122624
122249
112655
111432
113067
111880
127823
119700
105708
102429
122832
126999
102287
103662
105323
114264
132050
128086
113891
114209
126500
112021
114886
131798
112940
125510
114068
108294
113421
122514
107299
106048
102377
104868
100674
121128
130468
115292
119197
126921
115946
113736
106721
116269
131955
102608
127776
122667
101253
129200
118646
119169
119995
104876
122605
103203
125446
117886
125598
102098
129265
130836
132377
112623
124457
100088
123655
102546
101180
129040
108302
120279
131489
119687
107765
116344
106233
107275
122889
112545
132756
119865
116927
125951
128055
125013
130458
123163
107548
117823
103247
100070
130107
126114
108584
103828
121544
121455
116390
128430
110077
103306
121706
126563
112921
115651
115285
101920
109225
102919
110319
131424
124934
118231
128005
117700
111135
102650
126615
104294
100216
108911
104433
101995
124787
122790
131863
127703
121551
126192
117094
125093
124270
112179
109177
108056
116059
106210
123722
130636
107275
100396
131225
129552
104163
118900
110738
127736
108539
124674
120746
124077
108578
116728
126154
125064
102690
128135
123055
102239
116549
113506
103569
101791
124183
124275
107522
126363
128110
105166
132634
113700
112808
103395
117201
123738
126516
125687
127404
108481
107348
106965
111260
129944
101920
110528
104995
105574
132047
109485
122808
110293
128306
124591
124269
117955
103553
101043
109519
113047
100442
102765
113933
110801
118791
108434
119645
131814
113920
118856
114332
128074
107952
122075
118068
103118
111996
101553
113731
128300
130562
125312
127738
104672
109982
111550
101699
119354
102195
127833
129446
131762
112424
131241
110189
100731
131504
104867
113158
107099
116303
120655
111274
108217
124058
104316
117052
124152
101950
110258
131956
131587
127555
128616
123196
104745
109970
101239
127322
101932
107701
118991
104784
116116
109279
100968
103552
112457
105004
107644
126612
102241
114985
129780
130333
119095
117143
111904
105594
110781
130156
100778
111612
103955
100123
130765
116040
130904
108053
129730
101116
111808
120976
112763
125589
131814
131463
128148
114064
126820
104962
124551
112079
105378
120983
121375
123199
117227
127537
130351
102584
112838
120848
112003
108068
116867
104209
103191
101860
106260
113712
111239
124783
114206
123467
107463
106812
114512
118057
108820
101347
109300
112058
123434
108671
105667
109472
112568
112214
109310
110575
105233
115644
115642
126257
126500
116276
128124
110766
108462
130521
118789
100586
100270
108540
124527
109934
127002
115983
131961
103371
112080
128449
108320
120285
130511
111467
126063
118093
129703
124843
119447
100441
106030
108366
105538
130008
103285
103540
112933
104056
103674
109550
126420
104779
127775
131563
110043
121218
122587
111060
121866
118648
117936
132468
124176
104178
132061
104284
125004
115877
110036
128134
123615
111864
129518
131384
102662
112652
108894
107819
129447
114425
104292
131821
120873
126555
102851
114308
120969
113166
103796
104276
121258
126517
115612
121155
109037
117121
107196
125210
127490
101552
131111
127022
115198
107347
132538
125761
128173
117205
120775
106659
122153
119993
118610
115100
127659
130339
107648
113423
126626
120474
105804
129367
102658
119308
103548
107381
130783
127506
126163
102765
126778
103542
115849
131565
104987
128243
130296
119600
105952
118075
125592
115490
118484
112191
114989
129733
107779
110250
102463
125139
113741
125614
123851
110501
105146
119044
122168
109139
110861
117038
120972
118045
117148
114432
127456
124169
121182
130910
130834
129742
124742
119367
119225
122097
130511
128531
120158
103726
121561
122872
122345
118041
119219
124371
113241
124421
103289
111909
122808
116773
119200
113500
114766
109809
126671
123733
107286
125131
111088
117790
102254
128995
110472
122112
106770
119384
122179
121533
120907
117664
132052
123414
113252
131369
131835
125840
120414
105536
105447
113784
131557
125747
112063
125221
123522
103858
118908
117885
104209
127099
104953
104635
103798
111671
121165
124271
102540
105374
107608
122565
129630
109794
103324
129547
128666
111179
125006
119662
119106
108062
121005
104708
118181
103876
128659
108304
123278
114728
123978
113025
110779
127841
117664
120507
122000
126353
117566
120730
130061
115981
118325
110772
118782
105406
131546
123103
100209
106951
122324
108788
108653
109415
127603
127186
127201
122401
127300
130469
115675
112923
107490
122216
128762
130245
115982
109480
103462
112058
126978
103307
123774
126699
104963
111378
119186
118522
117302
115611
132563
107748
132020
109482
113992
108515
103904
122344
114050
126611
116473
108908
127953
123219
101611
122682
103608
109550
116843
127241
118687
127611
112194
126282
125640
118145
101097
130149
121732
119135
126039
115526
110247
107755
114199
118552
120121
125786
127901
126544
108910
132448
122074
105198
114648
126359
106766
121343
121052
111653
121822
111719
132707
122266
102566
109789
121297
108823
124944
120631
110139
131509
125926
128232
123605
106276
111908
113351
104873
104851
114770
107538
118415
128208
121872
128690
121433
124593
124403
122048
112206
122034
117135
112457
103386
132319
128469
101966
105603
122357
113824
115215
126495
103108
118922
123274
108356
107735
120068
117310
104449
109143
111782
128308
125643
107309
111043
103744
121274
108903
124225
125573
115702
131293
106407
126775
112492
117268
123000
115109
115397
121954
120768
126838
107416
101203
108012
132658
107742
121676
118238
101637
115111
125294
101697
117696
122892
101053
102170
131873
112741
124546
109728
129620
113852
102382
110670
132537
103553
123647
118582
125672
131198
108712
117912
116211
113422
116268
129971
119787
108682
129995
103387
116389
125957
128672
101068
132541
111673
113098
125246
131292
120000
107210
118202
128823
130952
101676
102827
120920
111233
121194
115896
107041
109976
121613
127569
122894
132329
127509
124296
110522
107312
119707
122659
126629
118913
116149
127471
128308
102714
119450
129367
131833
127285
112390
122420
114741
102210
102368
105959
129179
130260
101147
116646
127831
116218
106458
123923
101455
112017
102871
129811
127657
108985
115717
109533
110733
101509
106100
101201
122924
115959
101237
113804
111105
111659
118784
128953
108630
103122
115538
127785
109579
115426
109018
123559
122515
125324
112470
131333
118079
124271
130106
120827
125375
128267
115281
113202
125926
106872
105638
107419
131245
115031
110245
128005
125563
108554
126590
112623
128675
120096
124618
127898
125998
112659
113521
107619
120796
121910
128459
126032
121189
102633
121861
105449
120324
123407
120775
101961
111670
128194
110611
101236
132288
105541
105073
107755
113903
113465
124745
114814
124451
115988
118160
116066
124559
127952
104870
106371
116538
132576
115583
101659
105289
104552
110594
125572
126081
127405
106926
127051
119048
118731
105603
104325
101995
102310
114976
104550
126437
114722
123689
112399
107999
128407
122603
119464
130227
127359
127555
125615
100533
127602
105659
102031
110964
114773
117495
125813
120381
116942
119120
126047
114145
122874
129470
106614
111544
129379
108795
121757
128486
126252
122597
116042
121053
105871
103973
117140
115748
102538
116494
106638
126038
119252
102855
122836
126573
110870
119725
117347
110656
110680
109555
119470
109131
112313
111499
131822
130735
121700
126026
114617
131449
122047
109383
104662
103975
104422
131716
105552
132713
103511
126416
122825
112164
129007
116459
111633
121020
128789
115948
112375
101267
103733
101088
112479
129485
117104
100788
106389
126295
121745
112981
121313
127271
101699
126229
123740
125125
123778
116561
131329
114954
107600
102480
117511
106023
122025
128111
131695
109290
131768
126331
124121
126269
100427
121695
127643
115696
127365
102399
121620
127416
115666
119395
131902
121207
123168
105752
121475
118717
107341
105427
127442
107919
117723
109656
100593
118888
105451
124570
132629
119678
108649
127012
101296
118342
114308
106167
106634
119866
126049
110133
106003
127450
131600
101821
121080
131825
106175
100376
112628
114201
106029
117588
109801
104833
129634
103342
115759
126190
128414
130486
114219
128256
106639
115629
124708
105399
102598
125490
106835
109109
121708
106526
120121
116678
108593
120236
113718
125469
127110
118493
112982
105185
114444
111898
111726
112232
131916
125979
109416
100290
118184
110089
126427
124409
100241
111327
112351
112279
130043
124694
104735
129385
115726
128385
127279
115075
125983
108662
119328
114564
124126
124462
106578
114971
103633
117870
118410
117194
105985
110439
127300
108778
109555
131036
105547
110832
122329
121986
114310
127982
106762
119468
126997
108893
102320
102951
124573
106777
108480
104547
132063
124845
126512
104148
111248
131025
119396
104600
132452
120113
124393
109402
117869
117872
113765
102262
103587
103533
100302
111454
116164
105669
115931
130620
119390
120217
101304
110041
110121
105617
121086
117693
130715
129824
123618
130456
113079
104970
118445
111840
108326
101924
121452
131516
128904
123483
118504
101665
124428
131832
118232
130618
104510
126499
118870
118542
110625
118181
125328
119901
115838
122354
106944
130250
111483
116326
130398
101184
131951
116431
132243
118926
116213
122412
122610
108628
110912
118452
120675
113955
123822
107290
121951
120800
132511
104720
118883
114281
114055
103690
114334
124283
109122
131908
116717
129492
120744
117254
121866
132244
123234
110887
103169
110313
112636
123600
113379
125163
113722
125314
126397
128965
107696
118618
115659
110358
123277
115348
128490
121239
127672
123727
132172
103677
123934
106127
111983
107809
123978
113288
131408
131678
108854
129050
113884
108346
104288
126360
104871
123209
122657
130765
118240
108879
132154
104001
129157
116389
132016
132024
103891
115166
101339
107516
104449
125609
129721
112092
129069
128249
104072
131189
119703
127332
111763
110256
125197
107721
115276
132108
101030
131894
124059
118430
120755
119305
106870
113238
119539
111957
116658
125315
108806
109703
100632
128665
113444
115273
129724
115506
115215
127910
126858
112724
105798
103023
123170
121842
107132
108254
121574
122805
131400
103546
105296
101628
102174
132666
122762
111137
102270
124397
101688
128254
117867
123609
110232
110255
103199
117667
128206
111770
125181
114543
111737
111277
101575
129607
102538
129767
104465
114881
116566
126490
120054
110300
120298
123375
105481
126508
124318
108586
118414
104247
112621
105263
114923
115230
132227
119749
108889
100992
130456
125979
124639
101019
126589
128009
111745
102836
108660
129687
105653
104889
111045
118979
114966
114726
125710
125311
117340
116261
106203
129786
103564
121849
110454
116000
125804
113564
120577
106852
125754
120487
110017
114621
121245
105331
125629
111854
101084
103806
103048
114187
108366
126224
100443
122169
124178
100894
111974
111541
100863
122478
113256
113944
117214
105212
122750
118745
120023
119965
112184
100115
109098
121826
106994
129416
131872
117823
113250
123367
125504
104044
113773
105546
119493
100876
130367
105731
115792
107149
103322
115864
126683
105295
109422
111884
113390
102152
112555
101472
109077
108135
128595
108634
105361
104951
129747
120709
117070
101191
111251
105337
102677
129352
104396
122972
122371
119798
132762
118185
116282
127802
125010
103472
110806
128271
108821
122207
104483
116453
109477
114623
113677
122434
110456
122049
121047
124079
122123
101307
112144
121554
126073
112174
106947
128728
105036
117066
109551
115222
122515
123060
112182
113135
105013
102022
109529
129016
110212
124056
128484
107866
111381
107262
130982
114040
114128
110545
122724
123858
127299
113715
128847
119081
116027
113293
107186
105445
114070
100891
115568
122803
131923
129963
115630
100466
103403
103329
122829
115792
129764
109887
117915
123184
117155
123683
101834
104784
115074
123153
102561
103208
123938
131827
122609
104597
122371
124190
130635
117046
130897
117207
118640
117782
112385
129046
131593
115852
115741
128906
127128
101984
102748
118236
129199
132399
126710
106808
107360
121617
106166
123914
111092
115320
124497
126469
123615
126812
105462
108138
131828
111509
123174
107399
106198
113288
131014
123774
125103
108549
105843
131655
108068
106096
112917
102648
113288
127007
108215
127556
106831
131076
130454
122946
126150
103820
109687
130928
105730
108486
108606
107256
123670
123848
125117
108082
107658
127567
108490
130921
119560
114853
104084
126946
126039
118984
130359
128282
112270
120008
129165
122704
101505
104817
117319
110915
118400
132138
126781
109885
117569
108573
126979
111440
111898
112280
106429
120032
128883
118451
113972
115042
131196
127028
109097
127074
119579
103855
109801
109771
128297
113138
127009
124259
101853
117920
111860
124565
116872
121371
125771
123251
118659
125607
107628
123899
127846
122061
103375
108185
119419
114430
102956
119534
103539
126073
120537
108496
101975
127343
121683
106130
123585
129636
105755
128389
127563
119512
111043
115646
110664
112423
123208
