121850
105890
109611
109890
126557
114329
110890
103899
114698
118886
125831
101049
105426
105255
117049
110340
102670
116323
103162
109215
123360
106048
126121
112896
108219
112887
111852
105023
117541
102534
100377
105068
116667
124069
125527
107302
114038
129274
122112
101225
120366
131984
123722
104872
101980
122758
113191
125980
117796
120836
116585
113499
124819
106355
132138
109356
100389
116462
124523
105882
129930
117235
101883
113735
125353
131679
112795
109571
100838
104601
115039
106141
114080
115725
110423
112377
111614
126940
104303
127843
129772
104401
120212
102947
106848
127384
123160
107602
118498
112170
114776
115436
128075
106380
122780
104998
129485
126649
118590
114433
101939
101853
109839
131871
129898
107203
113910
113365
107585
107921
128218
108931
102253
118707
131010
100384
107472
128789
130107
121369
129531
108949
129531
132188
124657
105656
129731
121519
107565
116123
129674
104263
112871
109869
115415
127126
100500
119964
101743
115044
109228
114189
113200
128801
126895
126352
105533
113274
112490
128595
107099
132650
130167
124950
122523
106515
112899
110814
110906
108685
100563
116462
105157
111614
109705
110323
129408
107179
119332
111231
112137
109261
116423
121528
107321
116968
128443
131922
103755
100952
121014
104890
128064
124460
114014
122004
118145
104504
132105
110440
108743
111206
113607
120472
107576
120909
114594
110486
105427
121093
112932
112979
122893
105273
109594
131323
114620
102269
126872
116447
125237
105698
112701
126899
124593
113608
104376
103929
113142
111348
103819
118717
121651
109283
115983
130179
106283
101213
130233
110462
116885
120653
103067
100866
116931
129743
115246
105020
127875
114571
106318
102945
109123
121666
113286
125604
115320
117926
121486
116524
109376
129647
126738
109893
104005
116907
106677
124053
108517
104533
107094
103187
127633
124202
108434
125299
115059
128440
107658
127972
128596
119224
113382
123646
130748
127645
129050
123126
107611
123501
116967
116501
113831
113872
116261
116584
129991
116327
114369
122552
126640
101982
107266
107196
123022
118341
111888
114830
110437
130075
107190
114524
119800
115372
126055
121696
106730
119838
114047
101650
130339
117446
104908
102556
105845
101440
132173
131470
131455
123582
131897
122579
112594
114848
107843
101092
109907
123461
125981
105531
101345
115233
114747
102923
126007
103184
119257
114990
122643
111850
101183
101726
102808
120664
129092
115369
102640
114406
116497
107295
127287
122969
116263
130254
121748
116290
132004
121840
116649
128211
127425
109922
123950
114674
111776
124248
127704
116620
130373
130640
105344
101932
103906
123972
129665
122316
131927
106532
126562
126699
122873
120707
125109
132575
119698
128145
116286
129645
117930
100937
127576
122263
122629
116971
121237
111029
125805
104109
126885
125127
128178
106669
117881
105738
116206
129067
107687
112585
118285
102389
106769
129654
119949
110114
121282
105977
125827
108035
129048
130120
115423
126551
115752
129080
114928
124862
106846
104339
132139
124785
114276
131946
111144
121391
130117
123564
112621
103291
118995
115448
122735
105732
108614
132016
122454
105061
100901
128847
115201
103694
132458
110332
122058
115842
108513
107615
104587
108228
132305
112051
119393
130315
102110
108572
107439
131261
117038
107579
113766
124059
103371
123136
111236
128569
104264
127168
125659
127922
103336
124040
130836
125337
104059
113072
115955
109875
121930
116147
121565
116451
123189
103486
122263
123109
124123
125830
109392
101951
124282
125663
120802
130549
120407
128907
112213
126589
103777
125903
105380
128370
123921
113740
114372
126861
124820
100237
121315
109776
128044
115677
127214
109828
108500
130907
123221
131174
104483
124496
106258
106654
104306
132031
115432
120304
120129
127038
118248
130230
122327
123653
116282
114446
113961
121157
102682
104144
116989
116667
110113
109507
120399
100996
112582
123408
122356
100147
118052
109814
119933
111905
116990
129472
112990
131076
125440
116468
106832
112835
118855
113614
114675
100489
128036
119788
111800
104985
129565
127819
106238
126305
100405
128626
114043
100689
131182
103149
105694
131053
115851
105469
104882
129185
124698
130958
113030
111829
126386
102249
106315
115394
100474
125611
106237
119428
123626
105334
111750
123248
127446
113894
123359
110503
123560
113991
112760
111595
102381
102533
102874
131506
106259
124643
113547
120185
109424
113648
105009
113499
107143
119224
100347
132066
112007
126007
127549
129821
132117
123155
129626
103923
123979
118666
105959
100790
125953
103592
109069
131580
106315
118718
130607
125098
124994
101137
123341
128081
113672
122063
127401
127166
102662
103495
124968
128460
100984
116568
115962
131197
130348
119850
104445
107081
110982
109341
127839
113334
100040
128255
116996
126761
121744
125314
112423
120060
122787
125421
100419
131536
111336
111633
125492
128549
128440
115071
106649
103976
110165
108280
112254
107723
108471
100389
127800
128283
109967
127880
104079
116175
117126
113331
106531
129820
124357
105144
108040
109265
129211
116960
130740
110239
106010
112544
115227
110776
114979
108488
124440
124573
113700
121342
129551
126512
102719
128107
116177
131345
106604
127156
118719
127527
130753
108076
101939
108925
119538
115784
116763
102992
121620
119123
125159
110438
130982
131426
117670
117153
104401
129419
115051
126163
115439
119634
120566
108244
129867
128100
105872
113874
116263
102024
129847
117481
107780
121810
116219
131571
109597
125721
110248
128930
123445
102572
114341
113868
118162
118593
126236
110085
119370
118062
102235
111219
116157
109020
108667
122078
121699
116600
121919
107271
118472
122091
100670
106299
126676
123917
118341
102439
126544
112661
130807
101102
105894
129109
117686
103289
127464
131876
106695
102159
130324
105755
131248
116005
113559
104580
122341
123511
121615
102671
112548
111191
122453
102343
130590
131653
115387
109381
131543
123841
101010
129059
127567
114781
119024
122292
110562
128022
117424
107250
128237
123364
121017
116664
105010
112272
102276
130610
129662
118214
120792
120977
113033
126315
101592
130819
127517
117552
113472
131554
102266
102504
124396
105515
120314
118807
127898
129587
122609
107339
109040
120981
101335
122799
121281
102255
111785
105565
106636
122318
103820
129268
123717
100710
114612
121578
124504
108167
102788
103716
108268
105548
129526
110020
121188
112918
101182
112195
110892
125752
106666
125375
120242
127476
105421
132502
108722
105127
130268
102451
115127
122432
121432
131624
115423
127734
130029
132477
125662
108091
105627
114504
100421
103147
104467
120702
111109
100298
100196
111369
125230
111149
102614
103451
100349
123127
126742
103617
107030
127943
127892
110523
113166
117360
100394
117643
127020
116906
127998
129996
102001
115207
124841
126149
103893
123432
103577
109886
110804
124208
119731
117394
110377
111737
106301
127750
126682
113542
123900
103001
120436
100665
126361
105629
115864
102726
127562
129861
104630
106984
131502
118910
112921
123347
121592
132291
113188
125545
126543
119467
101083
119344
101749
115974
117413
113540
102311
121641
109647
113545
126149
116614
100949
109924
103347
130176
102493
116139
131071
129917
105989
129561
119492
105020
116446
102791
127694
111209
103352
126999
129022
126830
125217
127923
124400
110221
112424
128182
129500
107819
120423
114408
102330
115055
112192
104112
123562
129292
114790
106117
109714
129627
103839
110758
125193
127917
100297
131339
114548
124127
128283
105371
120942
110383
125102
103071
107118
120653
107580
127351
117155
110006
128807
116619
124707
119101
100029
122757
109381
114666
125882
128702
100171
125448
117006
100597
105029
129914
114657
132167
124210
118606
124117
129371
100967
115093
105099
105438
105525
119665
128360
108335
114374
120175
101529
129883
106824
101399
121940
132683
102989
131778
105825
118076
111474
131244
112090
109168
102463
119882
108335
103203
105551
125150
105836
129473
122033
121416
132031
106582
114829
129823
115253
126790
126219
131328
100548
107582
131184
117542
117646
126314
102539
128827
119908
115945
125007
112750
101769
106622
116929
107718
125369
117128
110869
126134
101738
127284
127507
110833
105810
120049
102592
125567
120361
100132
113723
104721
119216
110621
121573
109458
105714
121674
127684
120574
132042
107691
127274
118647
112037
121478
103825
104342
108425
124764
132042
121343
120663
104475
115031
131384
119885
103061
107029
131515
110798
102449
124958
100937
115046
110817
105197
102018
118025
129620
121283
122803
103067
120684
109898
116719
116662
109554
105592
121697
128167
118921
100535
127968
119225
101088
103747
101060
100791
120364
105939
124152
132524
102358
131195
116049
108013
121968
114385
104734
101465
121070
113231
119553
121824
125971
102392
124925
102722
117801
120638
107215
121113
101621
116772
115074
100122
117226
101536
102718
103064
114845
115011
130145
113737
126841
125211
114384
115021
101556
121049
111760
114540
125313
122159
128656
110240
103816
106620
113097
103379
120467
103339
107657
119017
116874
122456
101900
112129
113057
105013
121933
112632
104144
122285
128027
127023
130180
121287
126831
117135
114580
102220
101885
130762
131702
122668
103433
118243
109235
129566
101244
132336
117400
127879
105271
117791
119598
129949
125095
119031
107117
132300
112538
112352
115117
120921
113745
127206
125021
122437
119766
125114
104183
105588
104080
104185
122419
110862
129300
127153
108156
117798
126782
118306
101280
126105
116097
110273
106699
123961
107643
130691
110774
124715
127692
114775
118300
109198
100649
115188
116846
120413
126124
113878
121031
118423
131950
100483
105250
104349
128856
115219
108491
121307
113462
101615
123155
116906
124429
119001
117064
127093
121007
104749
128228
110619
123276
129382
126213
123285
119499
105187
103965
128473
114330
120812
126699
100350
118210
100336
113578
109472
124030
123152
127368
129670
100749
103138
128601
107906
115590
130670
100493
101529
122988
110461
123743
107108
121730
129812
127824
106166
120160
124731
110292
115840
119367
114690
124747
114417
111282
130502
108082
121313
105005
123057
125595
104815
112746
124288
121562
128233
108690
128905
114306
112877
121561
132092
119952
120014
113749
119401
121317
104249
102672
116354
119802
106009
111708
126755
127951
130487
111462
132751
107812
123686
128526
116733
105964
112094
125430
114259
131583
130215
123865
127025
126735
100793
109343
101681
132317
111137
123822
131181
114092
103526
117250
101442
109302
111213
128384
119636
125535
123546
103687
127698
124647
121912
121289
102908
113251
123675
132185
101090
115502
120451
116740
102510
115228
108356
129125
128420
103599
129316
111924
129577
122766
127877
100447
114690
113970
132420
109148
118431
115939
106464
123069
116504
130531
110047
109317
110006
103145
116845
111034
126133
121296
127047
109499
128072
131985
118231
110036
105438
100463
113824
104592
108708
107633
107997
104526
105803
129045
126565
125847
112395
106819
130002
123823
113640
123008
103650
119658
130612
106084
106782
122945
112981
124238
101305
125349
109512
107350
118202
129684
103014
116867
123742
129385
125158
103743
110775
100856
103332
109831
104858
120282
120480
115047
118968
110342
114122
125222
107019
114849
121469
128958
113780
115224
129609
125198
114338
122987
113397
111955
101173
119244
106436
106837
108579
116584
101368
122590
109915
110981
116373
102768
100009
100813
125799
101175
101594
104425
126278
120381
113184
123986
101785
122333
130488
118116
126233
117882
127689
127669
104920
127345
130704
125604
114305
115531
104890
128565
120545
119352
117009
108316
101798
114361
100699
109591
108391
100508
111231
112513
106213
117293
103914
111653
120465
111531
121905
113744
131918
121593
124408
100138
111735
111510
111634
114757
105764
115407
105194
130423
131753
123955
116001
116453
128096
111176
117112
124257
110761
124796
120817
125686
121646
117598
115249
108992
125036
131086
123689
101633
123503
115698
109045
100466
125660
129963
117764
102871
106037
104520
123514
121046
113753
110009
128722
110857
113226
118150
115400
123474
106803
129473
108406
119663
122538
115769
106429
115406
125490
126448
111078
131490
123908
105167
107657
124214
102671
126361
129710
123521
120893
106526
129843
100348
107768
125873
116590
117168
119533
120283
115986
119699
100111
111953
122711
120340
104927
131876
123733
131317
128747
117816
129969
106585
103829
120567
102268
102430
126742
119110
100440
129388
103875
105144
115677
102030
119182
130818
111675
112897
124367
128176
128032
126411
123973
111638
119260
105486
110935
113288
103875
125405
105888
101838
100306
111438
112811
119762
129174
131025
114939
103068
119114
123328
120143
109696
126784
128055
117540
126102
118402
125733
118394
112491
116664
125347
110299
111606
124236
103045
130458
131278
103373
100143
123225
117146
110993
116907
115405
118984
115103
110328
112326
115074
116171
125604
117097
122333
132131
115869
102080
122196
113546
102468
105590
102262
101283
132035
119003
104155
103409
125600
101166
118876
101948
124563
112924
113283
124982
111253
122244
127297
106590
105530
128125
102879
125477
108352
120986
105271
122191
102248
101741
106020
111773
105604
103241
119351
122793
130258
108620
123564
125969
104840
105117
100252
100823
104880
102387
114548
110344
100150
124503
113829
106140
117312
102954
121757
120478
126653
105833
111863
108941
124993
109616
106478
100097
116752
109181
112920
112529
104825
100151
115025
102389
120933
106607
125172
122728
112175
115941
121682
105808
106678
126670
106076
104993
114609
105428
105123
112511
121923
124511
122755
125859
124624
115731
128922
103423
102158
101786
123263
121637
107103
111523
131249
112101
107614
116010
105166
113589
120247
109306
111878
122455
105789
113777
124366
115893
100150
102788
126681
118032
118521
112130
111428
129625
108220
107037
122385
119007
111015
105510
117974
124459
123949
124824
103094
108584
114331
124248
108433
106376
103921
100667
104312
110946
122610
116937
116324
107552
110455
124737
105511
125848
125448
115421
109730
131193
116653
100182
110649
116457
111618
125355
123012
116844
110474
119071
101703
115976
109637
102784
130469
122791
104581
105135
127376
125372
101373
115037
120708
102953
117531
132371
100981
129889
103576
128885
109574
130249
126285
108743
126715
103269
122440
114096
124401
116144
121119
102974
109132
130763
112260
101931
126834
107738
131866
101983
120375
126636
102023
100277
103575
113818
127179
116482
116139
129201
129488
127572
128470
115219
114497
110455
114496
124826
113824
103358
100997
128447
113043
114943
116654
121786
125567
119776
111456
125931
130904
100177
130131
113529
103608
110938
122118
107833
113454
130327
130481
127953
100568
132609
111228
128797
125236
112750
125422
100561
106291
105308
122792
115808
109967
124778
124755
128541
104799
102183
123863
132512
113385
105615
114381
122732
102583
100307
128056
106959
116973
125785
132719
102665
128217
112900
126558
104112
105164
119989
121838
118866
105000
112658
121538
127325
103867
131974
110372
130108
120907
106632
130879
104131
124786
121121
105614
130509
112813
100520
131476
121891
113839
117201
120782
100512
111867
116198
104934
126867
100273
100691
108073
109413
132520
131432
120123
102524
120510
100187
125193
110686
131180
105612
124928
104474
113310
113677
112765
118244
100033
124258
102532
119295
113949
115845
101812
108256
132197
105262
100730
107664
124812
118608
130438
105298
130523
115431
101499
100742
121153
121073
131819
125133
110314
117690
124034
120430
126482
112733
121217
105208
112924
131976
102510
120105
128222
129919
124938
117775
123456
121700
128388
109677
128517
103349
113388
111968
123624
130070
106986
104514
100843
119377
102064
102351
115948
109211
106285
127622
114553
111897
125572
115794
119269
130210
119996
101226
103067
131783
117433
126070
102835
122128
129643
119283
127683
112521
121669
107224
121080
123005
105201
117882
121189
115074
115266
107437
124826
125365
108138
123180
127097
101703
129645
113979
104261
106041
103637
126602
116988
123491
114088
102493
104935
109243
104599
111594
106863
102356
130936
106754
116786
120741
123126
100852
113750
125068
128903
112303
131101
126355
126111
125734
116410
102385
113700
101625
103268
125396
125985
117841
118440
104029
126142
119819
116227
131820
111728
115994
117168
124319
126061
131366
122047
130325
115043
100473
109415
130424
109673
126748
113565
118458
116790
109885
101349
131102
132752
118484
103529
103675
121352
116359
122440
102077
108517
124874
107824
120876
104030
117834
112431
128497
101132
108684
100038
106581
126366
119761
107328
109133
131791
100158
101185
121268
127893
104505
101794
103639
119963
111126
109692
100662
115186
119539
112259
110473
123652
102368
101014
119042
125641
123972
113044
127442
124989
102524
129648
115950
129809
117700
107656
101651
114848
118107
107570
102151
101670
127202
105880
129315
116012
129541
111047
123918
125767
113502
104962
118987
112130
107670
101724
116726
115225
129998
107654
130634
111848
116285
110565
107111
123682
107546
111591
112594
118726
107452
130968
107326
104271
118784
102768
117770
105260
130539
114287
128778
131439
105872
118637
114314
122057
102964
100523
117648
102582
120241
118701
111714
116213
125720
123724
107592
131899
124058
121351
110739
114216
131241
121498
130782
129146
107098
115410
106644
114049
108814
110751
116659
103379
125777
106859
112847
112448
121090
105386
106073
110344
100533
104114
106785
103500
111701
103629
125466
105667
125198
107405
127325
114094
126569
112224
114289
129806
108729
102244
130506
112404
129719
109181
102287
103897
125545
122532
127905
117071
101704
108930
112344
121208
130977
121149
116112
113877
125756
100498
116580
120098
123196
106788
124985
107584
101190
120851
111231
118131
128997
121041
122547
112333
132653
102961
113704
122602
111775
121281
104200
113374
120653
121178
114581
110700
129343
129781
104117
131193
126228
116416
115630
112063
119020
124786
128814
125894
100742
116955
122766
131600
129190
132287
111191
102292
127674
102884
126726
109167
112572
125290
114444
120789
127834
104027
104217
112717
100437
123779
130458
115742
109351
105346
105089
109572
102376
102175
128068
111144
110450
120287
130600
102223
124868
130263
121791
112722
129956
104382
130479
104398
112009
124998
129974
102428
111031
102316
118763
121220
103340
130702
120647
102573
109243
104190
113507
100696
117239
111828
108931
112974
120658
102472
129748
118679
120326
110272
111090
117741
127028
120294
127405
109169
115659
111870
119053
128924
128684
112759
110740
122999
120332
113599
128194
103183
132377
101724
117215
131875
130784
129337
120052
124705
126830
118077
128539
131409
108597
101410
131064
100687
111538
115333
100488
117182
117837
111161
112409
116283
113281
116705
111514
130448
122428
102078
105237
105514
124809
104133
105850
111310
131692
131317
108702
116103
129549
108007
115843
116451
104217
101031
132314
119646
114022
104386
111558
114975
101590
116384
104931
120802
100733
112916
100231
116022
102150
126770
131912
106728
103250
102241
115134
103871
130147
128177
117386
131689
101753
128878
126614
108214
110458
107509
127903
110852
104599
119750
104689
114683
104237
122075
121202
109690
132073
117560
102114
110544
106288
121028
121441
113200
122302
104279
128562
101727
125069
131348
119998
126896
119800
123641
110812
101170
119328
120244
127823
118056
124047
112824
102800
121273
119067
123793
117199
124905
122381
131444
122932
104904
104835
117531
115050
107753
110611
103120
110174
122646
104113
120519
120132
131906
101331
118192
130012
115391
111571
106893
106227
128690
119956
117953
109356
132547
128104
118122
111360
119321
122929
107249
116228
115589
122055
117216
118122
115197
100250
109043
102859
111693
109209
109169
118308
120585
100178
123068
128030
131014
122202
101671
132498
106633
110575
121353
108364
106368
102108
102672
119055
120560
124573
113367
114394
119151
105412
122042
100202
104019
128411
116969
130048
105066
105483
111803
111972
108780
109756
100677
127530
121005
109438
107052
109108
123287
119272
126647
129912
124504
131646
108840
119811
132696
123288
104525
130366
117742
122177
102226
126065
117459
106334
106457
130181
131799
112336
111180
128270
121554
128603
129138
131721
116702
118535
126529
132065
128195
108998
122100
119097
130483
132184
103517
122853
103480
120172
118395
124857
106346
130056
127311
126343
109669
114218
107244
120547
115450
105136
123854
125737
127653
127605
107372
124354
109503
117949
131856
130466
112885
113363
113383
132629
126201
106224
120148
101564
120951
121439
111754
104658
105547
108255
104026
126900
109553
106313
100937
131745
103485
113522
101862
125374
105036
115539
115547
102493
116410
130407
128577
128638
110869
105557
123577
109462
106386
110543
127672
124560
118527
105658
124322
122642
128761
123023
103963
117761
122463
107521
119322
109383
103431
123104
129342
112340
106415
106301
120166
109282
114486
101839
123260
115070
132108
129429
127633
100164
124135
125117
128815
126314
104375
122053
114922
113920
116701
131040
101433
118645
130199
115099
113284
110686
115647
108224
127614
101491
128182
118906
105141
102874
106395
130747
123496
107945
130240
102875
117912
103078
127070
118658
127329
103761
128647
126663
125323
125220
101213
110489
104541
113433
123778
131422
116657
107885
100559
130267
117326
104611
110409
111956
104561
120269
120400
107764
105133
122375
100890
112751
104181
129860
121184
114149
127992
116301
119639
113418
116397
118278
106978
126596
122414
115699
103430
131220
115145
119292
109726
108281
120148
130413
100688
114705
104386
113473
112063
108866
110580
104864
114434
119960
113617
107174
105302
123311
103833
121958
113167
114132
131958
100911
118741
102247
132437
103182
111372
127107
111859
110995
122004
113890
126011
119000
123059
128762
107983
113344
128079
100460
117733
129917
119393
123295
125268
106069
103846
113832
127214
108453
121496
100206
102161
127014
114076
112907
113017
116079
100733
104053
127320
127931
109081
109149
125865
105709
112474
128087
103361
131281
109672
103228
105511
105125
106269
126668
102821
112600
101306
107672
107679
125969
100568
113696
105636
132723
128929
124472
109123
125984
132159
117680
101152
130043
101013
110387
111687
122803
111405
124528
128703
126461
121970
126584
119395
131616
107552
106343
125677
126135
107768
115527
119636
123314
113848
103473
107352
100255
126538
124341
101210
101416
111676
130429
121458
123356
120688
122668
109244
101170
106005
102284
108530
104138
124629
103145
107584
110839
132176
109240
126803
126587
126154
104061
107444
111761
102944
121835
122452
123441
128513
121420
103528
106127
118362
109859
129910
127205
118290
107024
112560
132466
124408
116213
115842
115650
102906
118103
117607
105009
132759
121863
122112
107179
119447
126977
114791
132277
116985
127892
117953
112817
116525
113347
131346
102493
109443
126956
118358
108702
102372
111527
116685
108668
105664
127985
109974
127341
100423
114314
132479
107734
103900
103067
112156
107215
108998
128412
120854
124455
116009
118645
111046
123303
130613
119267
102658
115355
116894
126750
128823
113807
107084
107449
117688
115287
129107
104393
100438
118866
120869
121673
103473
109551
114951
115133
114894
113775
108993
106774
105833
123117
102042
128982
103564
124828
105347
114292
100320
100945
116371
124930
122436
103489
126643
120333
112668
103691
119451
115653
114155
115961
127997
126045
113957
130690
113407
127157
100158
127252
126447
114743
116487
127249
119090
100607
114746
100632
131966
127806
109907
110725
125514
109536
110498
117563
115330
131692
132511
120481
108926
106028
129917
124906
111157
102031
117250
122778
121518
113355
120725
128581
128440
128198
102297
132762
122075
111415
115705
112801
130702
112392
118020
127553
105642
106496
121724
110853
118559
111774
110825
110880
106214
123208
111155
132526
118071
111269
100464
132668
105211
118599
115707
112011
107652
111757
112070
132497
107900
113351
127729
105665
112923
107676
112283
131212
125597
114089
103928
117032
109044
117867
113315
115344
129210
121695
104246
106188
123753
105831
117273
105842
105166
127344
107159
117869
115131
117074
130103
116221
115453
129015
123977
102399
115597
109248
114111
131183
132363
102948
120638
117547
117863
130459
108405
105721
106722
126650
107438
124876
128821
124831
124066
115779
105743
129167
101778
101491
129221
119006
108947
103398
127301
120591
127786
106723
102989
101437
113176
101104
114906
114362
121719
107158
103394
118773
131078
116324
107845
102817
103618
117047
126722
130579
111030
101816
100518
118764
123667
129829
121099
113913
100483
110421
102462
120919
114363
102902
130497
122843
100175
109850
104179
129200
107211
126706
115148
106306
119039
112856
112589
118363
125850
122771
103735
106892
102139
131287
125052
128719
116035
119308
120307
119658
124847
117840
107471
102423
109093
121279
115282
102497
132364
124914
107582
100689
127329
132037
129933
105290
109319
123486
110177
115506
126303
129899
104510
124626
122393
104618
125815
131200
105034
130735
116454
110075
104894
103138
119776
108182
121999
107207
131176
122009
104182
110722
108963
118244
118626
125082
117389
116693
107207
107773
131817
107116
107321
106820
100990
112301
132281
115769
124032
103494
101455
107158
124749
113266
128345
106256
126042
120861
114978
117652
113772
120649
107702
126929
101387
112560
100597
121078
105523
130219
119015
120509
119630
111186
121423
100776
123487
118245
126083
124554
117376
126315
100730
103242
120462
113304
120103
131300
122147
128244
100101
124592
122564
124730
104948
131815
119900
117758
110147
115811
115177
124307
119310
115110
123254
118060
107466
106782
129609
113985
131870
120488
112733
121653
115700
121426
104467
115765
104401
113765
113188
123235
106849
113315
111578
116532
124503
113357
110464
107542
103284
118376
127255
131671
116452
107457
103242
123202
120017
100399
102564
125323
113203
122776
126209
114925
111077
111926
103234
114961
106494
117147
113477
103858
116574
115187
125973
132607
130439
121994
126557
126272
118959
118414
115491
108221
119827
110357
127666
127195
132749
103265
116696
101257
100201
114787
117586
103898
101749
103807
103301
126707
119895
103567
113775
106024
128035
109354
105436
132706
120621
106790
132573
125124
115228
118875
111990
129678
107072
100778
109975
102977
103974
117567
108109
110596
124009
109586
121402
124230
120010
106676
116803
122789
106371
130376
114056
105230
124633
121039
113561
130854
126705
112042
102119
125929
100324
103257
108920
129425
122389
118153
103903
126906
107715
126030
104044
112579
118490
117165
115872
118391
117263
110685
115939
129261
127019
120782
123513
114860
107175
123243
108467
129811
115834
113437
116322
122873
132655
101136
124049
127888
112698
100537
106868
116623
104332
124696
124571
120720
116837
111674
121195
132278
127850
119299
131279
128148
112887
125994
127787
120650
126646
102277
106642
121073
121713
116359
101688
115258
124196
122631
102442
101457
124247
113986
125500
125960
104362
122916
117059
104497
120498
129731
101253
118603
105219
116525
120686
122978
127118
128611
121733
113456
120366
123301
117406
117640
113533
123120
125008
107509
102636
125638
113065
113566
106003
123181
110113
115564
102981
110586
120013
120431
131944
106575
127445
100734
118531
132451
100392
106014
102809
108161
109422
122022
108598
100948
110143
121248
127047
100193
131218
109169
113070
114133
119416
118077
106262
122497
118538
116741
112772
123683
131999
115474
121903
105447
116547
107159
123282
112173
112229
123794
105151
106637
104144
114675
129014
127000
112605
122368
100726
109281
107238
102136
119699
105405
110589
123126
108809
103238
119518
100377
130960
113190
111651
123618
127665
120978
125623
105949
125143
112404
125325
113284
102057
130190
128402
130400
105623
109948
112608
100209
105139
110713
114740
106192
104131
130053
101282
125587
131220
119173
123783
108017
106641
108939
108736
102055
122003
111960
122649
103065
114427
104863
101640
131261
127999
116364
115612
114997
110913
102661
123568
121019
113574
127280
126308
113474
130917
100917
131790
111066
126558
122693
118508
120789
104622
121307
100317
127784
111488
132417
117585
109588
131621
107351
127039
124933
120168
130704
106710
117690
103707
105789
118965
108710
100342
113166
123742
121238
118178
107989
104168
119445
114448
128654
100085
124940
108815
108445
121828
102702
103710
102230
129608
108947
103550
118210
116376
128547
115084
104608
119080
127286
125774
100523
130647
107002
106316
117787
130826
131860
132513
123502
109914
113802
115537
116072
106890
111840
120541
107353
103228
114049
107285
102046
121572
122465
105518
116330
108412
132321
117524
130247
113786
104947
105217
114135
117759
115582
107855
121952
115025
120068
126859
100231
102283
111490
118730
126428
120979
110743
125760
102807
131149
106729
131854
111137
131086
111045
131932
126679
101972
115205
100520
100106
126644
115255
118621
121674
130579
122875
115112
103396
118553
131245
104327
102569
125667
118596
113955
132593
100856
123258
127839
125664
121215
112686
122545
105704
106671
106246
129073
121999
121478
110424
103663
100211
104382
129611
128906
111499
113917
106041
106494
102319
127308
117592
118206
109915
118986
129946
124931
104368
112545
123345
114787
121787
112954
119831
123813
124410
104365
111981
126164
121116
118652
107170
102034
115209
101248
124535
116399
118050
103715
129280
126970
123082
103632
101965
108119
114981
112296
129098
110866
106783
100215
122852
124787
115889
105958
104813
115603
104544
123890
104514
104301
123398
103580
116139
104504
126676
115170
114434
111605
123544
128751
114456
124228
101436
117391
112340
129403
123791
128485
121117
130297
103497
115552
105978
115128
113225
125419
131320
111650
111392
108644
130765
127526
108755
111952
103994
120970
113117
120525
118838
129667
123508
112327
103240
112515
101133
116591
116277
123730
122914
117737
132571
111712
120627
121157
127581
126042
132363
123825
120704
126715
108868
109549
111701
113445
103181
106751
124441
129584
115499
100903
129625
104834
126782
101653
126041
107103
117318
123994
119223
115715
112229
121373
113228
115694
115687
121615
116563
116864
106879
112033
114125
111045
123347
121204
104484
128146
113211
109328
121614
109521
106182
114650
111028
119833
122751
104000
103700
124290
109294
106039
131747
114615
104929
108007
132663
105548
108652
130724
105253
129874
114734
126497
108710
114217
112598
114656
105856
124054
125926
101101
126690
106517
119991
131020
130703
110961
114109
119472
109630
115857
131597
103918
104001
114325
127516
104624
118118
111138
116426
105966
131099
126457
116127
130970
123093
121295
129620
102939
117682
103769
108949
121853
126813
101798
123141
128487
130354
130225
116867
108237
107682
100151
104620
102502
122329
126150
121504
131041
116639
130583
120073
112340
105596
118173
117338
114805
131872
118366
126037
108300
114177
120066
108752
105896
130630
110377
111544
127505
122340
115970
127574
121599
115975
129306
109521
128649
114355
113265
107253
101600
131243
130259
130354
125757
109202
101221
105192
125720
131152
125311
115938
129435
107447
112057
119584
111446
102759
115529
110809
124980
124142
122252
123328
105390
108596
125410
126087
120126
111127
121791
118433
120087
120914
110335
122189
131347
129187
121978
112592
105965
105773
130265
110337
108720
114715
101800
116235
124015
127622
101548
110703
127031
125592
122230
127304
129346
113906
109880
131027
122221
116044
116952
103726
119276
131675
104771
100192
123453
125176
113156
120218
121690
127614
122389
117181
128819
125556
128756
119579
121947
114540
119290
130690
116226
121642
106473
110455
124963
116233
105156
130751
123902
104859
114147
123428
123081
132752
115782
131445
105635
127449
123178
122063
100809
126221
124634
108571
117772
101899
118728
131032
109187
125409
122332
121627
117117
112364
115724
122579
114873
121409
101933
128594
123354
123980
113416
120073
115477
114871
113841
116115
123437
105869
119572
125430
127905
118176
128209
119077
111140
109096
113226
132553
115277
112556
130809
129600
130704
102950
109832
128486
114541
124002
124699
124820
127975
126631
132209
115047
106040
123033
103211
115139
100547
100958
120043
118167
116554
108800
125345
114658
120929
119314
105634
119414
129826
115351
100347
132092
101667
103711
131588
106296
132261
107315
100664
116622
121614
103923
107075
110277
129946
125438
121949
120844
100941
125586
126935
101434
104236
124917
109299
123738
102828
109843
106745
100199
102507
129128
118663
103508
114974
130080
110121
112975
103626
108925
121897
130887
130104
117626
123049
121004
116899
111790
110830
122486
132275
132210
127231
122472
121263
116550
107119
106134
120046
128625
111991
129573
106894
105192
110664
113490
100969
104305
123038
120501
120901
122376
117657
125895
122955
103554
118729
110243
120507
126064
109959
106249
113117
111174
125324
110760
125243
120765
114108
116893
113933
130421
101443
111671
111093
114655
100579
130301
130284
117594
101516
114162
105340
129948
116526
122391
111665
100948
115659
119858
121674
102669
127696
120782
102323
123478
110245
107395
132152
130592
126595
109687
100595
107879
105350
127781
108806
119061
113667
119133
118928
102435
125211
125324
102105
102657
115344
105278
116944
121400
120024
106721
126904
128590
107888
113356
102430
104169
121203
101248
118030
127800
109163
100653
105350
124303
105831
108664
119339
101457
110670
107643
123195
127507
127346
100365
116419
131326
111976
121924
103186
116085
122648
106553
102765
115704
126480
126475
125188
124489
116510
127271
117285
115661
125725
102854
129968
117044
102415
129463
122059
131933
118892
120414
110294
102771
124090
130045
113570
131677
105310
118322
109533
106837
131762
102849
106961
128470
129367
101268
126031
129724
104653
102656
124389
118951
110144
126282
119895
126880
112037
114794
121933
105471
101126
113422
122186
107147
116250
121826
117213
106468
128025
102927
118811
120606
107470
125185
124492
121775
129006
106862
102373
103051
111528
121748
126647
118413
128381
112322
128101
101401
103506
100889
116763
102400
119492
105108
111741
126371
122043
127558
111070
112732
115522
113891
123059
123929
125590
118146
100423
104778
106108
111009
126384
131070
114904
128362
104193
116296
116348
130357
118465
124392
128574
104525
129948
126247
106061
110839
106585
118531
111557
114096
104460
130700
102528
120759
123533
121230
115504
105163
103720
108144
107946
111158
115606
108892
109957
112394
128300
103585
109284
115627
129619
120917
125328
123021
112184
103742
125002
110143
110789
112371
105055
127145
132303
129342
124796
122770
130705
122053
122308
122981
130649
118505
117280
101684
127873
100591
109270
109821
132001
125533
110686
131372
111107
119463
114801
101474
105303
114187
110434
112245
104872
108986
107441
127416
124047
131896
120798
116092
131495
108293
110203
123350
104768
111229
117893
106659
131928
109821
110068
104394
106695
117831
125073
106689
119993
120872
102664
129363
111201
127320
128574
123296
111340
114593
108260
121701
100276
117571
128333
126589
122039
132504
126332
104104
106311
115956
127362
114316
105731
112591
126983
125945
102149
103206
125222
131441
124253
131102
111998
112872
124606
101611
115589
113608
129144
107760
114464
130104
107174
119847
120689
111518
107689
121284
104176
109154
110037
118293
131518
109814
101993
122797
126518
119315
128197
125889
117700
128581
101079
128466
117754
102569
100311
115340
106976
115957
100916
104943
117644
120506
118222
128172
104947
123366
103013
104658
125695
130189
116305
125353
117218
108009
117108
126686
125353
108191
121966
120545
110100
116291
102415
129164
112293
129567
117010
104453
106487
127280
109576
127717
126801
106866
132498
120730
121979
113246
131795
117770
126416
106672
118309
100216
105109
120685
123915
115628
124809
129573
111720
108878
111037
109685
123886
121748
105382
107217
115160
124701
118897
108672
116188
104476
102806
116456
109147
129976
115376
127500
128732
102579
124812
122451
102072
125770
116864
123787
104470
118877
110846
102701
118554
101328
130152
120803
104794
132657
124198
126023
126354
122267
117239
116462
123800
132570
122244
124325
131218
111567
128059
111098
103270
104470
123994
110847
111986
109799
109642
122954
115582
105274
119599
123968
123630
129839
112573
125844
124732
127916
115021
125962
109478
130376
108336
105601
111908
117864
115267
118832
110749
108199
105667
104240
106842
108412
111715
116794
119739
112663
107164
120755
124969
114315
106309
106469
100939
116786
102755
130704
108669
111437
107074
125857
114558
105452
100037
126273
101992
102414
127738
101649
116454
118536
125937
111284
101793
104491
125903
100239
122619
117921
101406
116684
109568
125080
109159
107685
115609
104355
113411
105439
121859
125020
114222
125076
118912
123727
101213
127286
124749
100627
124626
120529
111571
129978
103789
100752
125217
120684
123589
132739
110746
130638
118135
107167
121067
121768
118206
100103
127297
123464
125508
115338
107704
117281
102200
103532
125462
119096
121761
119913
121785
132033
121074
105463
117710
118660
119006
103628
125124
124550
111981
102560
132608
111846
118608
118324
122067
126469
108146
102291
121257
128233
121039
124311
117123
107492
119689
119984
129959
112496
107064
112353
109461
122974
116866
130827
116542
114992
121325
115054
124273
121539
115696
107885
131222
109617
130640
107665
117150
100853
103850
113361
108346
127056
115787
125969
111947
120044
101704
115432
120986
113600
101836
109734
113354
103219
129196
120470
115339
105348
127041
127104
121872
122217
111222
129138
107970
127990
117536
127936
120118
110017
114830
112970
125020
117060
126561
110845
128762
118914
131742
109725
112729
120814
119042
114113
102719
107656
127126
109855
114204
130377
120707
128777
126344
109505
125222
127288
122605
126975
109159
130505
121217
125873
102471
126853
102264
116876
105657
131941
115063
105966
114099
103253
112203
121282
107140
124473
121563
110757
129896
114990
106075
121158
120666
106002
122563
104211
103465
109382
129408
120850
103630
129202
119913
125452
111101
128522
127732
101105
104698
108112
125866
120952
101550
109723
119256
123654
113914
103958
124808
124881
108619
132427
109487
128581
113519
107170
104616
132263
107431
128548
108257
112632
100093
102021
124885
123676
104151
104802
118074
131387
110797
118983
127099
110440
131512
123380
126568
125312
122635
110945
109357
101973
117351
106495
103040
126732
119657
112065
108575
126404
117703
120155
130170
126841
131483
122186
121260
107815
127998
121364
113840
127026
112089
110033
126674
124421
127736
119018
119651
112377
117600
102433
114097
130169
129251
125905
123703
111205
127729
130167
114192
122803
132273
131186
127922
111196
100688
128775
103384
103030
115354
126120
115648
127133
130503
121974
108951
119704
129687
117508
109618
125242
116897
130654
121598
106117
102119
128842
102970
131862
127407
102349
110435
129981
101006
123633
125424
100459
108230
123334
107584
106833
114642
113063
116945
126790
123454
126910
100274
123753
128700
120267
100411
127496
106869
113696
123643
128193
109469
132336
129010
128999
109386
130250
128256
128808
122246
105569
106654
118124
124578
104334
113868
121855
126158
122264
104010
109811
114919
126642
103435
103616
100752
109253
121575
104238
107652
130416
121232
103285
111147
101198
118983
129954
130923
115831
109520
105276
115136
131145
113955
110888
121231
132712
111460
123082
102071
108803
121493
114285
129898
119897
130443
129765
104763
112508
129950
127602
107639
125525
124581
107240
117177
111849
113954
118029
119225
121818
103609
116035
114533
103985
116967
112487
103475
102490
131568
123384
110261
106608
108569
101500
128878
102332
104216
113951
118756
105848
107977
127390
129014
106200
120354
122723
122224
122955
115049
130802
100829
109566
103588
124547
107164
104865
110930
112624
110390
101231
116312
107986
104943
130152
128318
119783
106139
132065
120731
104120
105395
111167
129230
120440
129448
109312
104431
104750
105591
106491
116230
129047
103294
102888
111738
132165
129934
129570
116684
122509
116545
115116
115332
100000
123278
108914
105580
107896
122522
100306
121341
120566
110289
130907
129047
112329
100406
103125
114677
111761
129527
113281
104287
127812
122437
122530
106785
112593
106082
121659
115133
109316
130300
127259
121949
127658
121529
116759
121867
124405
108819
124567
122148
123170
130918
115284
101130
130136
132679
118367
132634
109012
109848
109158
124382
130883
122329
120627
109443
110191
107329
103541
112781
127262
128270
117699
105929
126007
106137
109790
120451
118311
127917
122678
115706
109699
116633
126128
130321
124143
121476
117159
116295
132414
110849
106033
116201
130779
100836
111779
116871
108903
124499
110935
108964
120995
120864
128940
111793
100753
100950
122959
102973
125654
112657
107705
103782
115811
132499
107513
130451
131668
126869
124084
131173
124696
115931
129130
110570
108755
122379
107514
102676
130560
100287
127337
128618
122203
119513
102111
127742
128254
114455
106226
129439
105674
127975
122407
130127
116744
129916
115126
106488
113232
111649
127886
120922
132010
125901
118681
131144
100340
121336
116289
115220
103812
125870
116787
123976
118542
103906
106339
118422
126151
107012
121168
121618
104650
108758
108169
116639
125627
110459
119664
121767
116395
105168
114238
103952
107324
126208
126535
128875
129798
131411
110720
113774
126265
113223
122174
105636
119171
120290
109376
123235
115508
121926
111600
125183
124832
121990
101606
125501
127940
125880
105134
101386
111917
105036
131275
107885
107030
119708
119547
113083
111825
121795
125885
132362
104040
122803
101393
109799
121987
117634
108671
125260
122508
121605
100186
113100
124434
104608
103494
129809
114283
114268
101624
127112
124830
109882
125757
104027
127104
126664
110654
118688
113692
128241
128258
115920
112216
101401
123956
132730
113622
111466
131367
116792
112921
118632
122903
116707
115945
125644
111538
111875
113144
129423
119766
109705
103365
119365
106909
105665
103105
119212
126103
107906
125873
121989
114006
116904
132691
111522
108848
130755
102212
118337
103232
132113
123169
110232
130734
127402
100588
124081
120368
128763
125362
111480
117969
116597
115563
101395
113650
102534
106786
119665
107150
101321
127574
108070
108994
131450
119711
102006
119436
118572
117397
123055
110803
116414
129261
111037
120743
129419
101093
105464
121547
115681
124131
116288
100720
109749
119896
123212
116292
126356
116715
102207
106667
112349
119508
125308
103244
132142
130949
104636
101328
103708
112016
111454
106470
122407
112325
120318
103307
132588
128922
109128
103560
115357
120529
118798
118588
109487
129108
122009
114843
119762
116580
123965
125303
114470
123890
115248
116479
100780
130893
103069
111749
119291
125950
103155
105092
113716
124144
121987
102113
106807
118741
109898
117361
114199
130756
111371
104380
128972
111911
101538
106240
100136
127956
128404
111481
106765
118906
118762
132576
126684
121919
131136
122930
125744
122279
118809
118450
128717
123320
117365
121393
113107
125020
116390
112525
107832
110598
103775
102520
108660
124056
132110
117114
126846
112005
109163
125241
113912
104242
112209
132345
111782
111523
109006
120415
109093
118355
114550
122490
116698
106339
125180
113156
107048
125431
105475
101092
101094
119262
123185
105208
112912
111729
121221
105490
104636
100541
110059
108864
120656
101092
105742
126289
131059
112320
105326
103060
113729
120266
113074
122851
101699
107578
116031
108256
102558
119152
120585
124799
108042
122771
115881
117957
100614
108152
108465
124623
111307
130501
126780
116245
104574
119382
110537
121840
104873
109279
107849
115802
111340
122835
105334
122101
116976
100997
110695
118096
106397
126862
107873
124005
119181
125038
111089
126822
121792
102518
101687
126393
102801
112869
106885
116289
101608
125009
106025
123359
126642
125256
121734
118584
131982
109624
116074
119737
106697
131212
114587
101849
118157
125208
112819
101534
101461
102327
122670
131171
120996
105522
109762
125144
109815
127588
113647
123978
107768
105372
105430
132133
102388
122691
104014
117431
100239
118463
105525
112182
122551
116886
117764
130309
130262
112343
116390
122675
129356
101558
116363
110917
101148
116598
109816
132149
106725
128652
129441
102074
111893
102145
123001
113610
111193
101912
127433
131677
130136
110385
100479
125557
127136
112877
127689
123739
127968
107923
100579
118571
122713
109234
108078
124818
123535
123912
112769
122839
109892
107939
121283
124952
128422
112966
108474
128471
110280
101134
118302
128437
131919
100693
128754
117372
125038
113623
103700
114019
122132
120339
113938
115598
108899
116981
131135
113877
111205
104369
130566
102342
112122
127986
106367
116461
131861
124212
110912
103251
131624
130926
118646
120900
106973
126197
120884
107605
130055
118685
120842
113574
116440
113953
107738
104293
124500
121541
105191
130707
111109
121913
110639
105483
115441
125377
119291
112064
122313
110995
114868
125254
118115
108672
122360
102804
115050
114135
106733
113160
132437
132743
107733
115371
107413
107395
132579
104887
117011
124779
131149
110166
130265
130920
132515
131245
131087
107352
113759
127769
125482
102699
105917
114872
120160
120716
107981
113964
110431
111556
117190
115099
131646
100060
108701
125690
117172
108034
109014
101772
108680
100911
130715
131493
102984
107270
112907
110004
113982
119038
126420
127360
127136
117443
103428
120498
131847
127450
104220
109204
105762
121476
118630
124184
103596
101094
119945
131356
127899
111974
122459
109036
130971
127576
108534
123401
120250
113882
100622
100137
126565
112380
113026
120702
105875
129317
127792
121915
123712
127154
124430
122197
106525
102879
111223
115334
131718
123115
122306
132504
114612
104055
128281
104928
126260
123696
119432
126217
102039
104109
112725
124179
109420
109978
112272
130970
131435
101143
102122
128604
108275
123227
101067
101622
111031
101789
128926
125934
112052
125748
114032
109814
110694
123389
115641
130159
111675
111613
104569
128045
125000
118343
101767
103290
110650
106784
114726
129117
102544
115554
114394
114204
107272
124190
115066
107775
110423
120197
108421
124759
113693
106505
110777
122815
109592
132287
107490
124066
113560
118792
120817
130301
127539
120176
119629
119398
122041
102870
128366
132174
107371
112846
122535
114819
118887
110915
100931
115960
121447
116065
118484
110281
116651
100785
112840
113274
130356
114566
127805
121216
101939
112281
111383
114946
106433
127472
120911
120288
111824
103428
113037
104949
128610
120354
118266
130713
117753
102162
108879
114794
120910
101623
130611
110669
110149
116342
105155
101807
119329
108314
103282
120337
121588
129783
102419
110019
116826
114062
126772
116207
122983
118769
111534
123866
109022
121384
127098
126311
120484
121810
108230
106205
111220
110607
117320
118249
125395
100510
122835
122343
113991
107587
125480
117085
128196
115820
104718
124104
108391
108051
126629
114332
109415
131558
118519
114822
115272
120742
110032
128500
120145
100557
118480
105431
120385
132723
117694
122279
104510
104050
120095
123816
111886
127945
123143
104045
119433
118334
113712
113562
121934
126280
110921
118766
132534
129579
113296
115328
108550
111973
127395
128328
119017
105289
110995
108258
103709
113642
106299
108943
129900
117306
101328
101245
103390
108147
124345
103496
102189
124854
109472
113600
125561
108786
103881
130541
131901
105736
125346
110672
108418
110125
109468
113772
128594
109711
107322
123781
107632
118843
124263
126888
129350
102974
121101
128491
104479
106762
125411
101878
125334
128028
122247
107202
112974
115420
130764
114849
121828
123589
103253
132223
127266
118981
118627
102503
104054
125415
113643
108873
105890
104239
115436
123386
105396
127173
120319
128892
123961
105559
123696
115328
115886
125624
101388
123433
103479
129229
119547
132115
125844
120745
111312
126356
104784
131063
119967
109121
108091
103576
120782
132020
130587
112782
122991
108173
102559
130073
122829
104631
130708
107807
117573
124141
108379
120529
111960
106364
109211
121996
130302
108618
111155
105469
100156
118295
104563
127625
112376
112387
114315
131564
104205
111184
108355
110624
125595
120682
109037
122496
104352
103972
119192
105517
106445
105541
113799
120753
105362
111683
102370
119778
125820
131406
119722
123913
103360
113808
117490
111428
128536
120756
105549
105257
122317
108709
122499
118188
102933
131736
122248
120387
123552
122956
109486
112200
123502
131984
119577
106654
115939
110087
113523
104599
102685
120616
104418
129045
106373
131976
127287
106736
103844
106844
106601
122264
119865
101945
118081
111868
101256
109087
116054
112042
125428
105398
114492
130103
104656
109015
122361
129249
129907
118350
100536
112755
124042
124383
125634
111721
112051
106887
110505
126549
105799
105731
118726
121473
124534
114327
131302
122326
102298
115720
106305
123644
105157
106730
107180
117443
117916
102946
128015
113602
118121
101027
112408
103742
122987
122235
121905
100685
107889
117011
102064
107066
104615
116658
119630
112428
115887
117060
125659
103427
121587
113242
118064
120963
108090
130161
118884
119476
101242
111479
118851
120968
101613
101515
125435
124095
131943
123397
106521
129800
131559
123062
129716
104297
104300
103025
129000
109792
123658
127433
123015
128843
110140
125725
120074
107653
131452
126674
108238
104658
124689
129248
119165
119421
118825
110992
108745
110783
118823
101252
101985
106979
107070
131831
115741
130216
109887
123462
110204
100583
129455
110511
105297
129909
118301
108633
123065
125259
124338
126101
125008
128484
128266
115044
129701
114919
127298
101177
122603
120582
118099
124416
107249
109094
106910
130654
106324
120000
127432
102459
101363
109703
132295
110206
112803
125003
131901
112663
114212
122141
118789
106051
113492
104116
118540
122891
127651
118543
101987
122638
121799
100700
132498
127361
130481
119833
122670
120180
107711
128633
131246
125271
117043
101641
115834
118204
113124
121235
105029
119903
122675
117314
131485
122979
109121
130056
103104
105438
132191
113725
100786
108184
119494
118153
100236
107024
123529
128003
130583
114368
118983
101530
129433
110242
115493
111541
113903
106739
132219
114454
123868
109367
121294
102148
130977
115581
107391
129705
123342
110564
106177
121785
100695
102238
121680
130388
124394
122804
112993
127534
124288
107723
132052
103917
131123
103717
129713
114130
112207
126890
123346
122012
111787
122537
124893
105897
103226
101402
129398
113503
123357
117542
119986
103626
128891
129769
127182
116358
112468
132726
101921
117472
114834
108059
131663
124216
113697
116199
103616
122026
113857
111978
130896
117229
124250
132284
124744
130170
117135
111297
123534
113393
113813
102570
122136
123577
131654
130751
127654
109287
104049
124508
102577
101986
130677
103738
128158
106820
121102
122352
121400
120195
106606
106938
126557
127696
119440
108408
121335
116159
127945
123898
129327
117289
106400
104314
103133
120015
105439
124010
107586
131135
106986
115569
103673
123132
119376
129200
124715
115929
100000
126537
112643
131494
128382
104482
107617
104206
122101
115942
124371
108480
108303
131149
113601
101837
113827
125598
128231
101969
129647
108914
109832
127062
130150
120250
103137
129781
111435
101123
117341
106174
129151
130041
114439
118363
103448
110634
129732
117359
125234
118541
120002
124100
113802
105539
101548
130726
117065
100636
108064
116362
104477
130909
104546
129268
117902
117057
108114
108695
122000
113341
127643
119229
124500
131080
107566
113897
104548
111963
110319
128187
122863
109558
103597
119573
119137
131171
111192
125308
130871
124414
126318
116929
111378
117685
120247
125920
113930
114189
102194
117288
118084
109157
104527
119964
101319
124799
114782
123546
123531
108348
123464
119226
110035
112039
112509
122105
116413
108853
120621
126743
105496
125004
112059
128061
118133
108545
112751
126691
130177
116774
110955
119793
116882
110724
120800
127524
108671
103269
102529
125108
104117
112982
105016
127284
115591
113194
127768
131257
115142
116546
100756
132158
123282
125708
101870
113735
109935
123338
129010
129989
114076
126869
103651
118330
120224
120737
111030
117021
131109
121026
111998
101504
105737
119599
114728
112368
103859
129927
106856
118941
109475
114449
113651
127419
103757
113992
108783
108583
122152
129687
110503
122958
112386
110689
124292
120139
114582
122436
100921
117839
121440
131231
128061
106310
106928
102481
106878
121527
105726
110532
114772
127724
110973
108843
115891
119892
131314
107015
122278
119589
109255
108528
122616
114245
107355
129682
127796
104811
103837
112374
109009
115330
131801
116739
112038
132686
103634
114756
126884
125009
120336
131307
127427
106992
115835
119318
122429
105682
127529
118866
108283
126089
108661
119645
125260
101236
115025
111153
111069
122595
109277
100413
113894
116349
117048
122870
100001
113375
109205
124558
114688
114566
115090
101635
129951
109551
104902
113244
108280
102396
113305
127792
107478
112538
109657
105063
103948
102817
119690
110404
112998
130556
104061
109732
119776
116489
131364
126336
104470
117314
121636
113337
101372
103454
123948
124437
116687
127794
109189
104068
106827
116380
110571
108969
104223
101281
118940
118421
102558
126613
106670
114134
116151
123643
111525
111280
123687
100078
131653
100778
114413
120256
123557
108621
110846
126432
116357
102952
123963
126465
111585
118551
111520
109944
109511
100037
124862
119782
127845
128368
125035
103448
127846
105964
112312
101931
106879
122091
115491
105716
108612
115067
128014
103071
115009
118480
127088
108693
128326
101188
131787
108196
112386
131228
108638
132442
101331
102797
106651
102321
112349
116863
102619
116722
105050
131984
102481
103379
115504
106972
110652
127970
119497
103932
119905
117287
113439
131532
126905
128005
131350
114545
129383
113506
129295
129947
110060
123656
111034
115976
127134
119370
131371
111946
123223
107498
124977
104137
129642
105530
114659
109579
117467
117378
124283
130099
106703
121250
120936
116936
112705
119800
130718
102584
115191
122500
131889
115869
120500
110410
131874
102462
109232
115448
130169
122201
103749
103881
111507
127904
114923
123817
131774
121345
104294
111514
116739
122154
114238
111190
124227
122701
112496
106550
132742
120096
129635
120402
107151
103465
104733
108266
125364
120376
116151
105733
104172
103989
117774
122711
120618
109083
119740
113256
113385
114245
130631
103923
124424
103913
112023
121228
127449
111842
114350
132230
111989
120498
124051
130324
125010
120519
118671
121518
119575
126461
122012
110519
131758
125285
100635
104028
111003
114245
116421
132287
121741
106335
117732
109653
110387
128886
111555
125068
119377
126223
131939
131250
109587
119669
124527
114962
108961
109823
112754
110432
110835
107157
110152
122455
112103
103537
111571
107680
107921
108579
119279
113398
105426
128984
110759
132488
104236
116443
100777
101534
106196
122716
106231
125056
102153
130417
100832
107668
130981
125786
128559
122310
129266
111369
105890
106540
125630
100578
104349
116714
104882
119743
119072
125268
128735
128567
114935
132179
103834
113952
109616
100106
111498
104274
102098
123833
100095
129710
130252
114145
116613
105055
102188
127657
107706
119392
110993
131200
106332
126014
123875
102916
129190
106784
115777
110626
109533
130308
128315
122751
108070
100171
111682
109847
110746
119928
111708
126501
114844
124213
102685
112450
107114
128663
126418
118480
111091
108450
103679
106137
103913
104464
109580
125108
110870
123982
118587
115625
114163
107208
109021
106964
116855
116326
122566
124943
129581
100950
120062
120715
126089
117517
113849
118527
128380
127112
123017
108293
107078
118232
104147
110016
119948
104925
124800
132547
112042
124242
113140
125998
128074
111113
106308
109082
131126
102264
101539
111928
112746
122997
104990
115636
114542
110142
104842
120672
125410
109756
104890
132110
129882
119817
109045
128317
107885
111407
127398
128761
130313
122931
127062
132604
121353
108882
129496
109337
120074
125834
115395
107995
120698
111196
102694
109161
127473
132305
124278
112300
126149
132027
110539
115380
116441
113981
124236
118872
104117
121229
100840
106013
131548
132345
131656
131418
114265
113448
115201
109465
119452
120739
109069
122687
100228
102291
109436
120688
114877
112845
131687
124717
110412
131595
105766
103359
103016
131196
132034
110169
129676
112256
119725
110841
115402
128940
107441
123535
111714
118293
123943
132705
100499
115915
102249
105134
113841
113571
114314
125585
126072
108602
128580
128809
108192
124982
114737
130039
126897
100559
123966
103047
124697
108431
120414
112979
115324
118869
109691
115172
103243
130208
110770
125498
101016
104458
123839
107886
110377
110099
132022
120726
113099
107808
125685
100585
101352
109252
121686
119844
128092
111933
100777
103468
112261
114242
130401
103668
100249
105212
104589
117665
128573
103762
121866
121324
127059
109161
113655
123080
121619
103019
104554
124485
127325
128392
110177
119477
121933
127547
103676
117005
113169
121039
105193
122510
100087
114721
104479
128420
105674
120743
100303
114702
113759
105137
130711
109631
120171
116975
119034
115204
131223
116788
130573
111208
122839
119673
111218
106197
121079
105253
128906
121723
122487
113292
123623
110837
113304
108213
121344
123178
102583
129632
114217
127858
100570
115527
103618
101371
121225
111781
130990
119402
107487
123637
104967
109509
120288
126204
101647
117648
100109
112137
127338
122934
131894
103804
118923
122539
128912
106373
121453
110928
128519
125742
107395
118295
115413
129436
130801
128999
106580
107153
116988
110402
101648
109110
112063
103973
108577
123928
129056
117551
110520
100208
120067
131078
118263
104615
128702
118519
108550
101401
103628
103388
123747
132634
115653
117827
103801
121910
131469
115404
119157
113597
119244
100819
116821
104832
130719
100687
110401
118485
119182
107514
122911
100321
121021
112563
125026
124694
101478
130336
129570
131578
125062
101015
127858
105258
118487
130623
126958
114079
115967
103282
104595
105777
123655
108390
107988
122969
132622
127245
116713
112443
105279
127033
125291
123876
104192
120836
131102
104400
126060
129135
122894
117423
104708
125769
115933
126568
104609
100435
132443
107615
120238
124065
107863
120820
125331
123203
113077
123468
115060
101669
119489
105299
129820
122420
123075
130049
101940
132546
116436
112093
103865
123948
102383
123840
118189
122810
129611
112604
104716
107206
117992
117500
107521
132385
109416
127245
128602
107698
121889
112350
100922
127328
111728
126244
113421
110643
106320
124097
106689
113077
127531
114758
109364
128927
132080
130742
102888
124337
113253
107405
125950
104930
131519
106496
132194
104377
123504
123271
114243
127739
108864
108953
105926
132486
120223
103094
116987
113789
115257
124587
103696
114853
113612
109074
127940
130575
129590
131352
120095
118520
110547
119171
119136
118253
107269
116211
110392
103219
132628
104039
105013
123237
131385
113156
105857
132447
107253
124434
112332
126299
109223
130632
103815
113498
123230
121417
121427
120518
128236
132206
125625
115029
100668
120262
109851
111408
127973
103259
114922
115285
120318
127159
100122
104761
100405
105383
102099
131250
101659
111935
113258
114965
130498
121886
110735
106139
107658
109556
126408
128266
113208
120385
100894
112273
129352
112735
100117
119283
129925
103106
113122
115688
103894
116095
107993
120768
108123
112139
121637
121673
100536
115269
110011
117235
107697
124087
120977
111410
117496
126489
123146
122916
119874
129047
118453
130164
112288
128341
101176
116350
132365
131759
130695
101043
101699
122309
113498
126527
100308
107703
118749
117994
102005
115501
102057
110140
117917
110747
123891
103909
106063
123843
101123
111452
102707
106363
112616
111813
130028
130224
100715
114968
106406
120235
120641
122240
100334
128659
110725
115201
105671
112435
106085
123230
105210
123390
130843
108602
124589
101456
101663
112509
126007
115703
124570
105977
131891
112114
108830
120142
100307
111224
128405
132618
106104
111165
127096
120597
120191
114928
102978
117837
104797
127240
121891
129133
110318
113856
115960
132659
108554
129120
127611
122050
132698
113087
103095
123717
131177
121094
125376
108501
105726
126646
124832
126365
104618
127725
121492
124475
117149
123365
102777
105066
128445
100797
131713
116190
118522
124284
117290
109168
100827
108883
104049
106107
115293
123938
119362
121478
107262
121406
107828
117283
131605
130418
105331
123926
125284
108099
100861
118202
113648
127608
131858
118177
126481
126170
126693
119163
132037
123449
105624
101177
117065
100271
122727
125298
129515
120361
101412
126725
117018
114466
125667
110080
131519
106162
127222
125376
110544
102088
120604
107610
100385
130995
122869
105274
131710
113128
123577
128778
121336
109823
126506
111318
124796
110590
104391
130669
101034
104154
117571
106506
103651
115003
110133
104755
125604
132736
125969
103138
118547
107267
130647
120035
101848
101022
115978
117885
128814
115822
131940
124500
123450
111574
103624
114574
108955
127687
126456
127541
120386
106815
114312
131292
126084
118288
116371
107910
102253
122083
111788
100291
126552
101756
106519
106012
110780
100416
127802
114353
119881
103412
121422
107297
110900
121031
100954
123818
104655
119955
128098
109970
115292
124000
112859
112837
129571
100138
126819
114879
116418
114148
104111
132268
129221
109756
114885
103118
120950
123297
118635
123680
124406
123906
120031
132409
122765
127449
126152
124274
131647
101865
106861
126283
112800
115523
110885
131851
109545
115215
116750
109735
125770
113033
131586
121317
105858
103242
116935
104897
127150
127945
123526
114448
113758
107553
115839
112739
100846
117013
130554
106286
128788
101201
118657
115242
108213
103666
115276
110327
111613
100425
119805
130822
121774
119772
101006
125878
118712
100270
132231
126397
125195
102337
121204
125898
109481
128984
122518
113769
119039
105601
107481
130854
117877
126291
113926
102645
130628
107637
109370
106449
100487
104288
129687
106916
129686
132325
124985
111207
116367
132209
107627
105866
111925
129680
132379
104086
117758
112304
113804
124177
121191
106024
125003
100258
105355
100472
101476
103029
111860
110802
118485
117985
123825
123098
100163
119368
110248
112811
128748
113215
130350
112666
113885
101359
117973
126270
121445
131259
129413
126000
121801
121380
117711
128015
129337
118505
115069
124231
115715
119666
115822
126227
111623
115054
115617
100929
108907
107196
123535
118582
112272
107399
111294
132401
116292
126902
109459
103636
127545
130947
119912
120800
105909
104297
120030
112704
108684
130884
122740
114761
118348
111796
109145
131136
132535
105666
125567
126236
128118
129222
132337
105614
117515
107144
125542
131647
105736
119717
119062
103001
100734
130100
114892
126280
116665
126122
107837
129218
125994
120571
121496
100868
129445
125698
125022
132447
103117
102947
122484
104180
122828
101935
100471
125116
130119
130951
125775
129483
131472
104069
114951
129749
131358
128023
124635
119793
131899
130477
127379
112541
122365
108630
121872
124674
129143
130853
132133
101242
118320
125146
125352
117072
116437
127166
123848
126919
112170
104143
114848
125533
104518
125725
131853
120656
122368
129140
111293
124770
122277
115259
127625
125657
113644
121244
119045
110539
123179
118246
100181
103832
118474
130095
105026
129464
125176
131645
102797
123319
100510
120999
113026
132733
125329
120887
107217
107731
117004
110227
119962
112419
116829
132636
124103
130175
124894
124183
125598
127205
110119
100363
130966
105154
118658
113513
115306
119220
125344
129138
102509
123540
108426
117078
125213
111796
123353
112793
110586
119909
102186
118715
114841
100029
104653
125208
100596
117399
124861
121101
105988
125658
114133
111196
130706
132607
110400
109010
129098
110285
118834
122151
123665
100967
125653
131365
108184
102281
119175
113420
114225
117519
106818
108854
110306
118199
100443
122615
107448
108327
124272
120775
107614
102962
119452
107939
104942
112215
127212
122544
103943
107146
100375
101922
102432
124216
118377
109660
101660
124293
126209
123480
124190
123352
103484
105546
105374
112537
111729
110464
130493
120889
110303
104333
129749
102259
103139
102054
125781
130770
113519
132428
113100
127604
123063
113964
107075
127757
127533
101187
130000
112942
117936
132421
114792
124360
106752
106048
116469
107500
106102
128636
123816
104404
112114
123559
123537
114471
100628
126510
102509
108153
121263
122094
116159
104465
101754
126988
108578
108528
104969
127521
103901
114959
126204
118427
126904
104423
107639
112736
111886
108086
109522
107444
108068
103425
102545
104284
123065
111061
107414
104707
109278
125011
113301
112862
122888
114924
107977
131212
111716
125928
110053
117056
115306
124845
110158
113953
104117
109886
106375
100337
110098
132610
108012
129773
104919
126663
129188
108533
114294
109574
111825
112621
122961
127848
127241
131171
127696
118410
107786
105586
122289
105213
113065
101606
109728
117650
120076
107424
122120
118484
112409
114237
114216
114389
113198
103410
104297
114222
117779
105146
100591
108097
127789
116660
121454
125633
111604
110278
109631
120437
125607
116103
114355
132408
126270
118108
115623
114501
100768
108769
126552
104881
111638
106634
111993
131129
129535
121482
129923
101438
101574
100851
102733
118030
129298
104735
116444
124261
122428
119632
130684
107060
113158
119187
128527
126624
105610
110314
113318
117070
120944
116649
129614
106206
131940
100385
108589
110005
121543
102012
108237
120576
123045
107496
126135
131317
115944
119032
120644
126556
126667
102726
106416
110415
113297
125534
108144
102206
114550
125399
100549
107574
111078
118467
111762
123746
112109
123466
126571
122578
112111
115601
130542
102523
102809
109281
128086
120447
112919
124933
115021
132271
100487
106483
100866
110414
128942
101807
128636
103192
127466
117357
125230
114307
125544
123126
120011
122949
131223
110668
107611
122646
116957
123281
125327
106167
101768
128293
116049
103987
105479
109327
114336
105317
127578
117406
129947
100282
123079
101711
102619
105017
127951
110834
121606
113344
113248
128265
104097
131728
113740
100209
109094
110091
111866
107588
120407
121789
124508
126205
114897
113818
104480
113373
101604
104838
104235
127118
128674
119323
117059
102151
107574
112806
108811
102831
106872
126834
114229
120261
113086
109386
124403
102655
107508
130873
130990
105329
111855
103828
119291
102577
101374
129594
113611
101433
126402
121371
132577
132364
115008
121847
125066
101533
123701
128616
104840
128236
115625
124707
128591
106994
131527
110459
106100
100927
129516
113191
103010
109282
129534
101956
109135
127625
102399
111518
129390
124905
108258
109611
127334
102240
124317
108248
121348
119769
132223
118664
127276
128753
101572
122970
116502
117848
112231
120875
109239
115833
120887
129629
113276
100957
106029
130006
126270
112844
129533
131403
108403
125622
131563
119486
110753
109266
111072
124997
105753
132741
115389
111630
131041
116741
101359
118176
129266
105406
107332
123491
127907
107765
110332
102243
108902
116139
106020
100433
113842
105924
113439
110539
131136
132456
117894
132316
114298
100010
112690
100807
103729
105063
122006
100352
113038
109681
103506
120188
112715
109293
104454
130858
132642
107770
111204
130242
128134
113812
129674
119229
122514
126903
100494
114596
107071
130247
120922
126350
113113
124463
118458
108773
100788
121161
103603
107368
112155
130174
113943
119414
103817
125102
125014
119689
103196
119249
121495
129537
103750
107231
112647
125475
113862
102638
121713
124257
102358
125338
129808
109531
124326
106666
102305
104231
108042
123121
111035
119373
110959
107633
123235
119574
132372
104391
125916
129159
126839
117955
123836
127656
125197
131158
122693
120714
124213
128945
127217
100743
110447
112811
101967
119500
108745
106851
121102
121365
129435
107303
130647
119992
101236
107669
106593
104933
122708
118528
130623
129836
103452
117526
118268
132671
110914
110783
130281
103418
100809
110152
117302
116896
117617
109248
126912
125288
101931
124834
118058
109368
128975
124341
117039
122544
116753
102705
122166
105834
123058
129315
130855
121984
105971
103954
122238
100431
103247
123875
106910
101755
131177
119546
109671
127796
102980
119970
131338
125623
115890
100015
119324
129047
129039
115298
124138
104509
102190
103052
114445
100397
108948
120054
119358
102796
118244
101121
105067
131167
104603
105866
123402
108054
115453
104464
106669
101833
104016
106265
108502
116161
106311
107985
102925
123450
112065
108277
108593
105831
109748
124143
110860
112823
114275
128323
122665
131927
100568
105257
119018
109048
110222
111995
120533
111570
126830
115666
128047
119017
118268
116461
118220
122255
103635
131154
129829
114474
118863
120119
126379
130615
102537
120994
123483
115087
100232
114896
102803
102121
120757
117716
102692
128161
108176
120704
105640
131256
116642
110728
112662
108827
103346
122085
123027
100648
114748
124280
114571
104558
117535
123632
103425
114356
118422
119277
116259
125245
119145
127589
121122
132427
124773
112200
110400
132066
112137
131935
119851
117454
110978
117882
115081
112360
107994
116170
119252
103316
122988
112780
120168
109454
101787
113127
130522
120551
106179
117016
103308
109130
117872
104652
108926
109444
100558
100301
115559
110403
128609
101601
107013
115742
112374
104944
108977
118486
108250
113252
104246
113628
120905
127189
128739
125459
123689
104422
102879
111318
122105
117354
116157
111421
101636
104140
129616
113308
110810
131501
108993
131661
124160
105422
110302
103088
132583
110385
118197
129391
105755
116603
109154
111879
110269
104861
107045
129412
129843
102067
113336
111243
100638
128556
105439
124574
101260
107308
116544
122780
129136
129326
131701
113799
123727
109550
108384
118922
127035
112262
118462
127803
127749
118231
100607
108061
102063
119338
104790
111465
125216
132119
124684
109070
116507
131239
104729
121590
107634
116917
102389
113547
105591
120730
111020
119162
112308
101641
113713
101302
125916
126519
102900
109761
128769
131647
111798
109095
116486
118214
123548
107851
107608
111066
100739
123237
122585
111136
132244
121548
104477
124463
120856
123761
130521
105015
122765
125100
100504
123622
107001
116284
103088
108684
114814
117385
121717
126333
111407
118827
117420
119735
116770
102576
100419
107972
104646
103578
113727
124642
125303
124072
101109
110178
108368
122967
106877
119374
129089
122279
124516
107854
102753
