128546
107169
117708
116613
107803
112330
126039
101905
105268
110728
114501
120846
125731
119881
115101
102269
127925
126772
102196
104171
109330
132450
108565
100678
110404
110667
107814
109551
114675
115070
106505
116496
132466
130454
119361
120880
116992
131945
110486
119557
131655
111490
131002
124041
122409
109522
113452
126032
107196
109474
110429
106520
103571
127948
110098
101794
115008
128811
117769
126656
119574
126800
127711
132016
119348
108918
117297
124840
128703
106424
113666
103346
127086
111234
104540
132026
116556
104006
105530
111077
113081
117104
122790
121893
113586
108187
126751
116747
129875
124677
103485
129244
102042
108864
102808
101350
110190
118827
120293
110356
107232
118305
125538
124353
115888
110704
106613
102346
112659
130829
115343
124647
115891
115846
117847
124475
126712
119351
126469
118825
112262
103617
122635
116330
105991
101560
115707
108636
122922
114588
109477
109469
128491
111883
124799
123609
119318
119860
115531
108256
128518
112015
122867
103932
115635
113868
112056
105857
110828
102153
131467
115109
114656
112967
106939
104338
123107
105247
107985
107962
106863
125361
103865
106091
117865
122590
111650
108707
122790
125111
114726
109349
129710
126260
129582
118220
109248
128554
126992
107808
112662
121207
119931
113703
120937
110975
124309
127102
125624
113117
108258
119975
106566
123986
127592
101541
112354
113153
107793
121030
108650
122079
125520
115393
127890
114021
125703
106752
123362
120968
123817
123967
126718
102890
124316
123734
111914
130642
116705
104787
131853
111194
101110
100812
130741
125287
111611
114548
129500
104670
123669
104683
121706
115605
108816
120795
115259
106888
122952
108096
116001
126926
101577
132615
128045
130251
100277
122587
130858
115878
129510
106044
107883
111101
125397
105937
119495
120536
123066
115711
101857
111068
125685
103098
105389
119746
128941
104603
130095
129287
121783
129075
107654
125924
129977
129440
105002
115328
123279
121437
119666
118117
114925
118623
131417
117296
110406
126301
108161
110221
103149
125807
106360
106339
101755
127962
131131
125004
124272
128810
125688
100168
111389
112002
115736
106674
120001
127537
124797
126835
126450
132485
115464
132469
128574
114916
129631
127067
105235
121112
129005
104047
129244
117483
102186
122843
126829
126452
103452
131101
103841
108976
101406
127925
102465
131285
121824
132640
118824
124642
104111
128010
129957
103419
119542
130496
100129
117492
108549
130532
114946
116140
112914
120932
120015
113564
127357
120236
100756
112303
120409
114203
114568
109140
102695
117172
127213
131282
104420
112663
113208
103133
104007
107695
109938
114022
130116
125740
128222
100791
120276
110644
100572
105406
118776
123477
130317
121513
102139
116543
108728
100276
113144
125232
110188
112447
122781
129199
108263
122916
104494
128637
127799
128327
100557
113097
129567
114031
109560
108195
119996
122196
131923
108723
110184
116729
104104
116267
121823
100667
123948
122618
126369
106154
108036
126019
115095
119449
102663
119821
120824
118129
127174
107836
126830
119115
115913
118720
109685
119741
115484
109836
118788
125427
123915
126153
115056
113410
121641
113100
126861
126074
106903
109382
118038
113978
128386
120379
126031
115337
127726
103222
130536
129890
108978
117818
112421
110094
120004
124667
123708
115705
104119
106318
107519
104382
122754
124383
107962
125316
122755
104226
117343
126349
109508
106124
102368
108812
128892
121346
112093
102711
100057
119186
124543
106654
114428
104289
124580
120507
128838
123876
102716
120266
126930
115283
106994
103131
102722
123227
103184
117797
121279
121876
103068
113053
105275
102194
119495
109511
126713
118399
113033
101580
131664
102025
111493
128974
106668
120471
110130
121464
106197
102114
130364
120025
101236
130818
110376
117618
116947
102567
103736
122765
127972
109193
131726
115153
113797
112546
132755
103188
103170
110234
108186
116592
118491
109955
121537
114585
111304
130502
119320
101485
127483
103517
115206
102605
105125
123459
115944
128428
100795
100649
101370
107621
117754
116843
125051
113490
102441
112194
126988
110746
102046
104763
114778
104266
100867
128488
108028
113320
118106
107733
109215
132036
117567
132285
118368
122191
115309
105726
127097
100784
101252
115787
109344
106325
128010
106401
108204
106311
117423
101756
108538
121346
131285
119114
122383
104067
132431
103200
111358
110498
113769
100268
107532
105378
112937
119915
124179
102919
105429
132123
119588
115623
113077
106356
129648
121092
127514
114195
111465
109273
119968
107447
105252
125171
130223
114095
125698
107330
116296
103571
127887
125232
114686
132659
114346
127793
130626
121805
105703
101020
111588
102531
107057
107449
111575
121867
120244
122395
114741
120233
104698
122672
117378
115546
100947
113430
100661
125266
124539
122800
132724
126377
109943
112122
101408
107602
102080
126361
102673
120652
123043
108215
101283
122652
108264
126477
118129
106362
126130
114497
117856
113739
128422
131443
130272
105167
100943
111123
106862
131868
123841
111093
111453
128459
129661
125095
116951
100849
113813
111106
105503
124753
126737
117247
104472
110799
114320
109260
101899
127784
115507
102687
129189
125921
129974
105163
127039
113789
132064
111505
111715
122355
100894
115768
126603
125023
116843
120799
102955
131832
132210
109459
130546
102466
121591
121885
115277
125573
121459
108061
110894
115837
110846
126045
105227
131667
127346
129119
122153
106188
111566
108856
107802
127169
103640
132257
101765
124111
121095
122444
129061
130895
112287
100724
117012
113288
101150
116920
124746
103716
131031
127017
108128
124129
123357
126370
130458
115081
110882
109400
110629
105508
109280
131249
117405
120428
119608
107866
104915
126593
115226
121492
130764
103134
112484
114382
115725
111244
113230
130937
120853
122261
116741
122136
102700
100796
120214
112022
122459
102251
108814
100573
100796
127725
118239
109476
126964
118237
108678
105608
119037
126175
126315
110431
106025
128398
130825
131785
125283
108725
128846
128007
121272
103617
122949
132369
117015
117878
122866
125154
126805
128482
121726
109079
114292
116111
120212
106424
119845
113149
101386
107606
107659
109391
104644
115542
115266
131909
104917
118924
124832
110954
107752
105996
107835
110479
100831
115772
121259
109175
108729
110638
120465
107220
122553
125997
120536
105074
118468
120470
109114
106931
100620
113386
113158
121147
120299
131360
117537
113644
108561
124736
106827
115989
129506
129325
124836
116454
104986
113346
131695
132392
109491
112673
110101
124971
122120
127048
102253
121855
105018
118246
104762
110566
114387
107116
125686
100874
101033
120678
101582
115564
122374
117260
109805
114717
131333
132372
115197
104368
129599
117963
112363
106991
112807
110948
132075
113613
103603
105360
121021
120988
126141
100175
113710
111488
123048
123141
115937
111908
127174
112848
118607
123307
132089
114713
120077
123626
104729
116073
117070
131796
108438
107134
106152
109109
127839
118943
121371
112548
120834
104236
120655
115378
118548
100473
107037
106344
112083
114908
100689
112113
103946
105477
118446
131731
128565
119950
104499
119268
128230
115155
132765
101690
111463
108548
103725
109411
119713
118393
108203
104854
101692
118853
123819
110762
105992
121613
118287
100998
104860
118811
110029
117721
121917
129966
113395
112139
107777
120468
108776
103795
105267
132603
128756
122826
115450
101765
109058
104159
107830
124826
119717
115597
110251
129026
100954
105706
100961
101555
112397
110530
129866
123111
121822
105028
129318
120434
112676
110586
103588
121171
126386
104959
124618
106889
101210
116588
102294
116520
106672
115219
100326
122027
114448
113520
117397
131980
101347
124380
104679
110354
116765
126468
122407
100715
127242
108698
128654
110330
122443
116810
122215
111602
131356
110576
132721
108580
108760
111880
124549
101653
127166
124517
126840
127572
113397
109351
131907
109578
122062
118247
107105
120787
122954
116788
121209
107468
130780
123459
111165
101358
113007
129762
109458
131482
111019
101294
130289
110964
108660
114054
108813
121717
116148
106815
107446
127292
101723
123033
102141
126629
107940
129906
119705
106653
119449
124218
104585
118325
117465
104103
122363
129013
117145
124842
114541
106866
131561
116129
106770
121122
120632
104910
117879
127600
130843
128008
114790
108044
127050
118192
112651
101509
115435
129255
109909
108313
124436
102398
121503
125644
118411
129326
130960
131511
131792
119434
126271
112291
108637
121393
105883
114390
128556
108232
121355
120365
110714
115752
111953
123243
102859
100435
122036
101073
116014
111789
132190
101615
120258
112489
127747
106425
112505
106817
127171
113629
118044
107370
105810
108628
102287
108999
127318
132663
113239
124253
126736
118485
106841
121607
116287
129026
103396
117354
126785
111282
127218
131372
131452
128966
118955
126561
116988
120613
124715
100934
122717
113935
132229
124466
117740
106926
120328
129225
126729
120558
117953
129651
113872
125071
118080
124429
101112
115321
101535
127454
128506
102735
114369
103628
106870
102726
129496
125903
120787
114488
127786
103335
118055
106484
129300
117450
100694
102873
118351
126881
114045
122019
117362
110323
100497
127876
123832
128674
126787
105847
132612
131221
101159
128977
121634
100853
111894
100120
125008
101020
110289
117273
107773
131274
102374
131893
126672
107802
129496
109564
130796
105141
120698
116477
115827
126918
109468
132059
116808
131630
111337
125348
130586
105592
122128
129887
108190
122639
123170
101092
108315
117166
127291
110065
129580
129305
119141
100729
105922
126219
120249
124735
107112
125551
101320
117156
114635
118226
103225
127421
103033
123417
125363
101289
124649
102255
110077
128290
112060
128642
106083
119377
111938
117743
120412
124135
107584
100346
102251
121193
111088
114307
125251
130763
108362
111414
130350
105537
112002
130561
114863
121170
101842
119755
129894
125998
108153
116579
119861
131649
119044
104118
113057
104200
132556
120902
108923
109860
100544
105687
105407
105901
117604
121195
103612
127432
110618
109937
107125
129660
103073
121146
117064
105153
113115
129196
107469
128986
104147
120378
113153
132069
128254
125460
119716
104113
131009
121242
117215
100559
114996
101143
105514
132332
130598
106924
117869
131934
103265
128394
116325
107516
112686
121956
120394
121395
117276
120357
127663
106326
132606
127454
122281
106294
119347
130818
123187
103155
130602
122581
109265
114193
105252
100898
100980
115150
119356
106284
104606
113331
121765
101352
100294
121962
129844
108649
107774
131023
108062
120220
117715
120649
112130
128053
119157
114011
118058
116713
109336
119158
118798
105182
119705
120594
104473
111968
111717
101117
115632
130517
103831
123634
116593
120051
121184
125805
107704
131632
100012
112574
125288
115834
124674
104540
122088
121641
113580
101245
130667
105266
118297
105443
112757
124061
122751
107001
126363
101433
113604
105246
115338
101774
127903
101185
117066
104723
131579
105646
127428
119457
123036
127527
123778
119848
118788
122679
107703
116897
120472
129731
111231
111427
113407
114658
126567
112378
130507
110831
132400
127509
104027
110812
111312
115262
128767
100040
100282
132272
105566
114644
103263
108196
109589
123699
104437
104972
124577
109697
109431
131716
127103
114774
125421
110214
112273
102170
105709
110813
127428
121371
130146
110172
101872
102108
126092
111567
129024
126129
122184
108594
104274
108680
110226
110369
128609
131850
114248
102288
122529
132323
131888
127676
125866
120157
121149
102241
121241
122676
123662
103726
103091
112550
107704
126070
114764
129993
113605
106024
123624
104481
120957
129025
112031
110194
121956
114944
123078
101843
115203
102939
114635
127236
111083
108336
114273
128769
125176
113726
102621
100823
119763
117461
117728
108471
132026
113611
106295
115273
123012
123185
112639
108610
113631
117893
101901
109881
109021
120105
106637
132023
115375
123668
124392
130445
111024
119240
127724
108138
112037
130948
105767
126124
128578
122042
105619
117879
119537
102339
127097
110852
102096
131282
101263
131132
130552
123431
101219
132230
104453
100485
130813
108765
103379
108517
131264
113445
127109
116844
108434
108735
102348
100251
103229
125275
116070
129478
104468
101389
131044
114631
118233
105124
126641
107763
132574
116535
117072
121165
126059
104448
105445
105466
121184
132461
113911
125429
103451
114293
118900
132356
102044
100137
130037
124651
121831
124299
110660
128223
124330
102562
109596
100157
107808
120270
105519
104828
123701
125018
130157
112225
115691
118608
106116
128113
106748
124305
129443
104108
128961
106532
108420
107896
126546
102095
111273
103388
111599
117476
104934
115950
114847
116830
109855
132495
112662
113964
108371
118357
127964
103117
109017
123337
129196
103965
130282
105171
121627
121199
112992
130930
120698
130267
114621
125872
106748
119002
106607
125142
109596
100112
121171
132316
129081
124264
101495
114211
105603
110438
103460
120679
105499
113081
104476
108527
116086
121872
100384
113670
106755
111919
106421
121263
111373
128322
120616
114069
103650
107121
124368
107585
108853
101300
113043
127887
126913
122345
100267
104547
113711
102180
121514
126104
119866
103494
115132
112953
112913
103633
132397
108788
106492
102650
132139
114379
122435
110080
106444
107789
117836
105661
120659
125061
123907
118395
129455
127985
106110
125960
102468
122806
120034
115469
124654
125393
108672
105883
120131
109073
112196
112647
109849
120451
104784
116984
127561
109614
131300
118718
114610
118785
122241
105701
130432
113674
125262
117002
117934
101609
102330
101870
117705
115587
129123
112073
104695
118523
112951
103649
111929
127710
127960
115034
109805
122269
123461
130384
108951
131905
104120
100131
119008
102490
127690
115730
103647
100664
104925
129292
121240
125278
123579
132546
103362
120628
101499
120321
115918
114684
113317
130367
129060
126983
130198
110708
107952
129833
123941
102955
105885
100714
126854
132312
123232
121854
117359
128876
101881
106104
109178
122919
113525
120890
117451
121261
128440
102960
117490
104029
111225
132286
128274
105950
125070
123382
110403
100602
109674
102415
105526
110512
128484
124946
110360
130436
127802
117975
112312
122906
101717
110128
107499
132099
131406
117860
102192
119767
111410
118751
115088
126340
105986
100647
115912
131557
132350
126226
114346
119447
117283
106807
105409
115208
101875
109730
118068
109008
130164
106700
105964
125765
125819
118474
123641
126537
110122
122052
101170
131687
115128
118697
119324
120351
112496
122145
104974
129149
131069
104899
110994
104689
130020
120713
100365
129370
128338
116864
103843
116324
124696
113092
129621
117268
111860
129708
104556
109729
112914
115778
110107
112518
117458
111862
111200
118485
107212
111763
129323
103630
114706
119921
123586
125872
111284
131053
105060
117199
126858
102678
108588
103399
102701
105897
121401
127408
109127
102464
117004
118962
101645
123334
129841
100699
109577
100142
125986
121423
129053
124772
129640
110079
122821
126340
131331
122493
119708
101195
106508
125839
128034
114635
129177
120578
117948
128610
122849
105280
114684
119276
118177
127013
100643
112696
100798
119311
128740
111033
122155
130868
115563
127358
117261
122681
109982
104804
102173
100608
112547
102027
129614
121537
110242
127494
118449
120924
122828
102871
115093
115693
106140
124442
119538
107681
131164
126592
132360
110537
127212
132095
112451
116781
132287
127688
108642
100259
109606
127098
123864
100064
109521
115349
106098
120717
130706
108849
116283
124062
132197
123376
117149
109791
107182
120625
121288
101327
113089
118662
109656
132274
103335
110953
131121
115682
110624
110378
125358
117350
102884
126764
109052
128965
127278
132177
103872
124444
128891
117427
118528
117871
125071
130197
120384
121661
122042
103321
112363
116567
127065
117299
119541
128754
101535
119133
102847
132346
109974
102028
128571
102057
117088
128483
122960
130905
113859
119975
130432
118422
123109
106484
109768
124024
110163
105390
121287
104495
102728
126393
103203
130272
119597
127341
122921
127152
114012
122692
104883
107038
121129
105686
117327
130965
127267
117000
121245
116033
112535
120960
100089
105763
112214
120412
128858
132448
125880
105763
121466
127199
112865
105467
125752
120338
132419
130077
118586
106516
113508
113287
104918
112117
131810
100848
128563
101458
121780
102657
113835
128296
130738
121026
128884
106985
108376
130899
105088
101328
109255
131804
127649
112242
131084
112838
102385
131223
105893
116012
110449
128839
118849
108172
124912
122664
126664
108995
106031
124935
102299
121400
132162
114356
107293
115287
108601
127251
104306
102465
120320
120944
125319
127681
118916
130579
116562
115331
108055
110100
108379
117632
107542
109681
129403
117437
110025
114782
120035
128053
129674
100828
116577
103699
130858
120205
109023
108069
132752
123591
106029
123534
114083
118759
104960
112315
112235
106728
107322
105368
108146
103476
106859
111107
124017
113081
125080
111233
125224
131136
123196
132399
120718
109818
127373
103932
118826
127324
101376
112918
103361
103213
100111
111522
112945
121566
107066
113840
129693
113689
121932
100974
122314
126108
130783
114587
113609
122184
131874
118079
125911
117109
111578
105626
103809
118921
110759
103770
126476
118217
112265
119825
124179
123503
119202
107749
132210
124412
121918
104074
100195
110799
126736
113005
126183
128247
108222
122674
100712
104774
123553
126561
121756
117414
123078
106076
108716
112560
121656
110485
107414
109179
100993
127997
107472
128178
110958
113600
110382
123370
103955
129583
121605
107570
101391
112381
116881
126699
128017
106415
114836
111578
119963
118094
111168
112251
126982
103007
104791
125336
129991
124181
102289
117531
122096
113092
101694
111137
101882
123289
105772
115535
102849
115081
100299
130921
104400
128391
113039
106528
112095
111610
125078
112428
121498
132462
114059
115611
122276
107657
132042
110953
119004
105025
107716
128848
128735
125517
127653
116449
131790
123865
132661
131796
132433
125566
111612
126877
109275
117617
122026
119360
110384
127739
105654
127333
109093
103977
106308
109743
104871
107716
104524
106058
118015
104323
109049
129731
103764
126592
112975
107293
122738
127977
128529
105761
105162
104184
104930
124405
102841
127781
107178
119536
104205
120730
101435
128173
109765
123623
118069
110686
100376
100087
105254
131939
104121
100674
113142
107804
125274
119621
121475
129787
108399
108335
117896
103133
127028
101598
100291
104346
118001
101129
118871
127962
104572
131263
129647
104235
131072
111376
102692
102737
131326
123658
124065
128989
100497
131047
115588
117250
104438
117124
123784
116387
102987
128789
114017
125104
104343
112152
122856
130483
102667
103815
130680
101030
119432
110930
114328
127752
128353
111116
100570
103984
118881
128228
123139
120544
110864
126936
100715
114973
113202
108069
128423
115262
101265
114946
118886
108356
104188
106637
104601
120169
116368
129286
104919
127228
120886
118843
115711
124523
103021
126787
108063
100770
112202
105583
102548
114579
119484
110974
107123
124438
122133
123408
116264
126452
111302
116318
123229
121662
125034
130599
113694
106468
100871
131054
123706
132226
110736
125026
100844
103293
102574
122398
110266
113231
124607
122258
100254
103711
123936
131393
129380
104597
131495
105006
106067
101868
121716
109712
106511
103753
129514
107725
125118
107083
109560
120998
126826
108259
120477
108719
107430
122982
122283
120323
113781
129760
100811
122933
126567
130732
102337
130954
118021
113729
105713
102245
121711
109135
101666
130306
102468
125451
109955
101991
118978
124358
110827
103832
108335
114117
112997
123915
112759
128845
105196
103003
113942
107005
113523
127040
131384
124769
111657
110783
110623
112835
104442
108190
126662
102212
131929
107803
100804
127532
121149
121054
113266
112511
119145
109867
116560
111313
113649
102748
132005
116314
105978
111247
127590
100941
101313
130460
102489
130662
123871
130378
100730
129474
118731
125122
122270
118004
109984
128579
112726
117333
116512
116248
131094
108699
129529
129479
123031
127918
111944
117644
119929
130999
127068
113157
127533
103033
130748
105519
131090
112356
124267
110993
103390
126695
103786
131767
115008
112519
110463
108002
105412
103214
111925
113662
102390
101957
117540
113108
120778
127492
127090
119169
101947
104841
118682
102439
108083
105768
101484
132066
116907
116739
111446
130558
122387
101338
110049
116071
116468
124708
123006
118112
100308
127326
120195
115832
126042
131491
104817
102330
124338
107389
109688
132645
108595
118267
109885
131164
117823
102659
106714
102558
128619
109802
130086
128759
117472
116802
119352
107960
110594
112627
117798
125478
107599
101774
118290
101743
109449
122845
126312
131554
104215
131519
105569
127070
109993
105266
110284
113163
128539
121010
105485
115273
108956
107714
107110
103654
102671
106440
110453
113812
119217
117277
111102
122266
126204
103525
112875
125129
128972
117276
131985
129714
117953
100978
124725
113430
114148
115545
110031
118942
100749
123612
119309
113868
104068
111282
113819
111666
113510
102931
124578
116450
103754
131530
132495
126245
111013
112268
107541
117872
102251
107912
117877
116883
113527
114495
108541
111924
101421
117910
112590
113532
114782
107049
101091
116752
132459
105955
103759
103747
108718
107212
101574
107914
129045
100129
126559
115248
103952
108714
102808
119370
115886
105288
126107
105966
125955
107982
126400
119200
122828
131345
101970
120333
108630
101699
131734
118780
119451
127356
109321
121985
101294
121242
109290
122227
101210
116299
116728
125473
102918
107368
128893
112705
130524
104581
113803
102697
113451
116678
113542
108354
103433
126708
108258
122809
107324
106191
125230
124023
126555
130214
110674
102996
125744
115238
114197
104327
128097
126832
106978
120417
127311
123758
114635
122940
111935
118374
116942
105646
121272
111311
100439
127234
104491
125028
109319
130024
124634
120184
123572
113003
122098
119433
101297
107300
107002
125975
112463
106669
126065
128694
114595
121945
119731
108899
116874
118818
129309
111124
119275
106211
117873
129171
114492
101832
126844
131979
129096
111106
130294
111587
100143
108223
112297
117324
120750
122713
122582
125718
129952
125389
114900
103496
104645
111984
109818
113135
123843
111069
125887
130230
117866
121394
125984
110263
114492
131196
110914
105105
106541
126319
115545
114875
123559
108635
108488
130840
123601
129883
107658
120523
123921
100304
119504
115788
121040
130829
115947
122299
120701
119636
115565
109429
123092
128258
124299
126694
121696
126982
100550
117662
124990
130455
125899
100006
128293
122407
127127
118804
110499
102290
117214
117469
114089
111516
104366
116459
122698
113306
112464
123247
122304
108143
117359
130937
125872
129466
113019
120518
121519
108366
111952
129240
117252
103907
130067
103500
111279
101387
124253
122985
128171
104551
129436
124661
117105
117274
104630
106572
114621
118142
127983
103859
107668
114966
122636
130537
130438
120516
113848
100351
129073
103740
100904
116842
127750
118201
118267
130135
131920
104943
126564
104254
105585
128576
111242
118458
113775
117810
127791
104600
115120
131361
114320
118573
118274
122161
127885
126957
121567
122503
104458
108602
123630
117945
126613
107642
115916
106626
102217
120172
115469
103355
100338
106428
116094
126342
116594
109013
114605
122573
120931
113654
123052
131819
110333
124552
126993
121000
101946
123567
130113
116587
116793
123167
114159
132267
122336
113457
120031
126375
115142
113205
115184
108887
115280
125194
115289
108194
122650
107501
127027
117457
101784
121487
117816
123972
110845
112746
103626
111971
117083
108372
101943
109528
105996
122965
106555
104444
124754
130742
126150
129166
113466
117082
115712
110251
115142
108114
104842
110074
128074
126123
122631
130344
125975
100490
124892
105108
132183
107900
113203
104779
119608
119559
127302
100918
114253
120709
103642
132498
110129
107826
100873
125089
107885
107907
131397
105375
114331
118457
132506
127992
120268
112567
102707
100024
123176
106000
117536
130883
113876
103013
119383
118342
126489
114414
113144
115949
106946
130134
105173
127063
125381
108748
122417
117063
130598
128343
107976
101404
132377
105833
128272
118019
108135
113848
131007
105579
126482
112457
115085
118713
115260
124877
115515
115261
127045
100401
110804
107109
103732
100465
107827
106289
124248
116653
118469
100839
104239
123774
119184
114696
128390
102794
100980
127362
122082
112470
104369
104231
108575
111708
117418
109918
118871
103006
124649
100121
115717
102393
119394
118023
113002
113021
105212
130314
131120
132092
128333
130539
104014
106145
104613
105293
132139
126531
105551
130527
115718
124730
113171
127958
112789
113010
104959
105883
128748
131774
101224
119488
124833
129902
118571
119609
131886
119075
120632
104649
109974
107490
106322
122042
128332
121192
131856
107985
112976
113341
111912
127617
129691
102412
113644
119647
122045
110258
104213
100822
104901
109973
127680
130844
126305
111543
101302
108388
113478
103691
108784
107862
128210
110983
118363
115132
131568
117370
101592
101246
110909
115232
103303
111568
127849
129395
124485
129706
124383
114757
122227
114552
127144
101260
119546
100884
129932
124413
106635
106481
130683
118492
119596
129433
127276
129810
112624
109657
122372
109696
108037
105530
105529
103315
109044
100916
128311
126744
128549
119455
112963
122450
113826
126954
100190
104778
120348
103823
117868
131943
121395
128838
114069
117822
101618
102522
119276
103083
116121
131065
130894
114209
111264
117743
114317
131646
106232
107029
105166
114851
105620
124966
118832
113922
112680
110739
114095
120696
105009
124791
110151
114974
112949
117709
114012
122587
131404
100577
121433
118396
103647
132100
110488
115206
101040
111236
127106
107850
118042
101339
119543
115131
130715
125991
112624
119933
100239
129754
116578
117438
110910
125363
131942
104521
127513
106477
104088
121944
118593
107958
123324
116906
128841
123874
101544
130774
129597
101345
106078
120799
115427
113646
123000
117256
111936
111498
102857
123114
104030
109609
109633
129987
106829
109099
115217
116241
126312
121357
112144
106080
100825
118241
119645
122720
127584
110331
100422
114490
115024
112622
116841
112932
115418
101047
121369
111924
118157
112439
103172
123505
132126
132583
116754
128816
124005
121543
128144
117662
116649
115863
121997
131737
112669
101450
110212
111812
114602
121016
124988
119258
103407
113299
131821
109634
115591
111772
109220
123620
116874
103446
132328
105788
107606
109947
117406
118188
125071
119151
112938
126487
119140
101874
106199
125611
120084
102361
132729
110334
117937
112767
116305
100701
104997
113592
128560
120929
126834
121350
102623
112322
105278
101136
115903
104816
130702
109647
112557
103392
102354
100363
115240
112292
102178
116870
124342
113727
118727
109431
131715
129079
113405
100793
102476
113772
126967
100165
122491
108711
107812
130910
106388
104566
110257
131339
115663
107320
118351
126922
124679
123508
110646
105603
120274
127599
113001
125627
126450
123133
101180
120330
122348
130711
122900
125903
100342
116142
107887
101666
101398
117823
128804
101642
114057
127912
122859
130800
100194
117434
131871
117076
132211
120335
103363
118975
118384
111261
113860
118521
116818
116364
122493
109179
124922
128069
116096
123431
115479
132044
114324
123191
123721
112207
109562
118644
107911
112639
131061
111016
108734
123934
114825
126549
102330
102233
129154
101031
105034
117849
113080
111528
121247
122517
103570
124851
132086
118634
108745
119851
109431
121197
111470
113516
121948
105984
114223
128770
124501
121123
119766
125466
120107
100237
122386
129077
122020
111356
102522
119844
113576
121033
132303
113456
121505
106175
126081
127129
108840
117293
129909
101698
130781
109882
126982
128938
131990
130681
121930
104478
123581
118461
103574
105773
118259
102703
124740
123997
103161
125341
131507
121628
116945
111893
108176
125945
120864
131251
104788
117780
123607
123575
123662
113875
118546
125402
119907
103895
129345
104163
125139
109359
119173
103541
126782
123851
125021
106795
105382
103475
110209
122855
124470
127353
125966
131686
121731
110699
111332
131608
115219
107790
118860
121647
112924
128584
131551
130550
111757
113117
127395
125541
129618
101533
114038
109042
132308
129755
101808
105385
126656
118048
130820
116351
117770
101665
123815
108004
103473
120559
106420
107671
131524
117358
107728
113086
101157
110856
119050
121910
120973
109474
111876
114728
121680
130255
132440
103133
125539
115524
113461
108755
100379
112781
108617
119312
111927
116734
131556
116918
128289
102891
108378
126424
124785
110364
108457
116876
105139
116859
117339
129857
130154
120592
106414
107347
100949
106543
121843
120541
108784
115184
131636
111823
115518
123872
107033
113472
104390
122870
109836
120837
120539
128969
108188
124802
128545
125439
111647
103872
122189
130057
118684
120256
118828
117774
106984
123663
113127
130852
116750
131483
114053
106438
100340
126917
110513
114819
112700
114359
122302
112371
122729
132344
116200
131823
118339
106301
107741
112129
113020
127875
130172
126746
104083
125530
128988
114307
114681
103044
118928
132630
107635
107198
104745
108974
132543
118238
102653
107484
100986
105758
124199
119516
108353
115896
131791
102855
107287
108211
122540
127497
113414
129020
120262
108822
108809
113592
101249
132697
102954
100569
125143
132461
106472
118255
106725
118928
116955
100161
122537
116565
101531
105245
131082
122265
108253
118892
131608
124599
130527
103305
131734
106752
118791
130388
129718
103781
124103
118914
104227
106359
115907
123191
119108
110994
113974
105174
110016
108884
111249
104472
115773
116820
132710
131419
128110
107793
103557
107837
126028
108585
101221
130922
123811
125388
107461
106930
110801
131951
129938
111455
105162
108997
104460
129733
101472
107243
119589
107802
101570
126179
112681
114824
106818
108611
103332
105601
130139
105262
113281
132179
105970
123012
117871
100348
116956
104278
128393
116543
127393
108189
127797
127735
100991
125227
122956
129196
118962
120289
101500
101476
130803
129059
123627
132283
100671
117897
107549
113974
116185
120279
128792
127701
108434
130608
103878
118503
126280
104582
104602
103458
125613
104021
107894
106995
118345
116113
132557
115219
100547
109277
124933
128091
112988
117757
118815
109785
115644
130702
129945
112675
127729
102132
113811
113131
118197
119701
102450
129492
131055
131141
128066
127620
130429
118272
114719
120571
115249
117471
132309
131619
119577
124485
112774
132264
124164
101721
110860
115977
117825
125882
111072
124400
104874
107630
102714
124607
100578
104219
112762
111211
107482
132473
132039
102541
114586
109831
115958
109750
112190
108797
126381
108547
131646
110722
107720
125170
106227
132384
117499
105844
119383
107893
111289
107332
115725
104491
102229
117366
132513
123690
122728
108115
126992
131851
120434
122980
129675
128720
100804
115149
126584
111571
124061
124637
105658
103933
108435
119010
129074
106552
128820
117314
113029
106791
114158
118983
127008
102420
124204
129595
107642
112170
108994
100149
126873
128996
102283
104498
109528
119493
112720
112871
107239
123722
106988
112086
122131
100125
102318
127008
128456
126859
107263
107418
104788
112696
124741
119586
102381
120337
120071
118580
129526
127619
102481
101048
106878
100074
124506
111134
132362
117837
118372
112813
130964
119624
127460
118808
111059
120905
131043
130643
102589
108544
118692
116132
113995
108560
104071
103165
100732
120843
111917
124553
118428
122525
122845
125573
129222
128775
108070
126033
125864
119503
105926
125895
107654
115638
111819
111819
114049
115179
126712
112419
112154
107134
103018
102538
107762
102935
100220
130303
112339
108520
126951
106851
106228
107744
112942
123971
121977
111394
110137
116979
129338
113077
117823
131292
107973
104573
122602
108310
120486
122986
108470
121402
116454
121839
103579
108657
132049
129974
117227
131537
124412
129938
131965
107754
105351
119733
102667
113051
108448
117283
127449
101931
129864
112742
119703
109204
101210
121219
129161
110114
100297
111662
116965
109373
104489
128314
103293
128387
115057
118355
115101
103963
121087
109807
131639
121413
108764
122242
110653
110645
108866
126705
129103
116257
127835
125514
131478
106393
119116
111282
105968
103703
102258
106911
116045
127447
127723
111431
122969
107496
129369
120664
108123
111236
116194
113129
103004
126621
122748
104624
111501
102840
107623
129142
122083
114430
104186
118473
129028
105104
124835
127985
130918
125724
122922
127269
123829
129454
103477
130814
122998
107464
129809
116779
132075
119732
120495
115815
126518
119577
101357
114600
101312
109517
118807
123289
118492
101098
118702
117067
109736
121380
111208
102695
123188
131929
106615
118568
114407
103018
109838
124231
101662
108874
117282
112182
113173
129620
108910
102992
123915
113890
110265
127185
130465
118811
120667
117058
102788
131084
113406
106808
125259
106747
100770
107070
105379
128247
109284
117776
116137
102324
123519
104202
127895
109718
106003
105183
130211
109324
118821
101774
120356
107807
130151
110226
106999
119883
121146
127577
130081
112781
109170
131576
117685
112061
112985
123677
105209
105246
101878
121925
113348
117044
118159
125231
111914
125397
123500
119696
119643
126595
119006
115720
113353
116985
122240
122709
124297
102916
125117
115655
129532
103060
107410
129779
116142
123667
131477
111532
122750
103669
101431
120879
111872
105105
129862
119966
100127
123183
112310
106928
104967
119138
107936
124838
105538
108952
126603
118145
100640
124655
101611
116850
100957
110666
122855
130962
105726
128933
104031
104403
130428
116133
105518
130102
106276
123763
126124
128575
111294
120523
126583
109223
131181
123984
113780
118352
104662
101411
131088
108414
106884
111795
114892
110403
114827
128983
118008
124731
125804
116250
106430
112506
105785
119893
125027
125123
112634
100228
104138
102138
103758
119506
102714
128988
100950
113654
128864
127470
123598
129474
104088
130995
104317
123129
127848
117538
115664
103266
101453
126295
106178
107802
113083
122505
129790
109614
118623
107068
102984
126569
123559
132024
106521
106859
121476
128697
102281
127227
109679
127080
114802
114591
125610
117898
108499
120169
100296
103160
118642
127251
127855
110927
129222
126799
128093
130280
124691
130136
123817
102667
103639
132045
109899
122207
120933
119487
113119
129189
113616
106505
107942
101286
101386
126687
125134
125034
123725
130986
120051
106923
111290
115475
101349
112265
102209
131934
119724
108160
116160
112634
125897
131478
129647
112470
116671
116953
120699
113398
119506
111368
102129
125381
106767
108945
111582
122029
110988
102843
110261
119141
108017
112165
119024
130954
103223
124015
117754
115698
118704
103223
102221
103997
123464
107591
119255
130220
128778
104204
117411
127543
130278
114507
122037
127705
118961
119823
113206
107055
104813
125670
115409
114753
113099
111436
106844
123040
129774
132712
126139
104369
119922
106230
118785
102984
128429
101765
130521
117624
128052
113890
127781
119978
115617
105172
117988
123885
121492
112905
111961
105613
108792
129617
109674
116199
115592
106506
110406
124027
125073
117723
131914
125251
115193
117158
108582
125764
100480
112055
111931
106338
126022
119618
108104
131704
124558
108300
121670
125352
121025
109160
118672
126192
105654
109157
117831
122878
125488
108358
104949
118086
112040
116786
128368
108369
126029
112429
117762
107608
110922
129351
131782
129041
131143
104211
118101
122825
121138
108891
120738
111795
121151
106002
116515
129152
124205
117130
120626
102447
116940
104424
103602
106791
126908
127700
130293
115843
105335
110453
132061
132269
113297
104604
116034
121134
116031
125247
124308
103620
115479
117546
124354
129461
122390
110065
126554
125028
108263
100905
120305
121890
126562
124119
124613
109126
120916
108329
108449
112512
101246
106084
109569
104298
107232
112670
110455
117344
115767
118445
131149
101778
131012
104927
130412
127319
122191
104428
109436
108997
113260
131752
107853
118142
122365
107773
125814
128716
124152
107673
120636
129777
126058
103396
111797
109496
105660
122933
116781
120656
129589
127045
115400
129626
106177
100068
125545
120897
114929
114154
129235
126410
109634
109937
128526
127468
102050
103233
102925
121057
114480
102028
115085
101757
123460
115676
107072
119999
102063
130377
125483
102310
120900
105199
124492
118597
123799
124831
117889
126746
124676
107989
124069
108956
113907
125162
118012
121619
125787
102027
122321
124588
115845
126058
127069
127437
132371
132659
101611
125350
103232
122818
115770
100105
115561
114579
112675
115835
116173
128378
104315
129675
106897
129428
102715
104034
123143
128893
131806
106140
119599
104899
124427
129622
132734
108955
115060
110216
123103
120531
106750
132502
129272
113672
121122
120097
103598
127769
104851
120355
127211
118235
103201
115515
112286
100111
111837
110917
114948
130961
115838
120366
104743
121810
120323
111110
117412
103815
124570
118359
128432
120227
106177
100278
115293
109187
130987
103831
104730
126569
131045
115814
115833
127532
121657
103891
122934
114734
104915
113517
113012
101261
103074
106354
132169
106398
126209
126949
100989
123799
124311
122850
112527
116363
121467
103215
108025
108444
123548
124947
102837
101996
128097
103275
119808
116692
122764
115450
117854
113369
106084
113153
121566
100827
115219
105487
118687
119824
130637
121371
127891
109361
104498
128464
102019
102771
113782
102184
101972
103353
131263
127036
111496
119816
103502
101211
124680
104507
123874
106329
105760
110840
111833
128553
125387
117986
129945
127406
109105
101392
127278
121551
124782
124863
109620
108234
120469
115267
114936
108234
104948
111428
109786
120251
108442
123942
102646
112733
129303
102601
131075
131991
125059
131187
123770
130319
122562
101130
113659
117239
112389
130695
114926
106538
129940
129191
107366
101751
122828
100579
129098
117052
105315
110243
101814
115767
101108
100271
110495
125594
113079
115430
106422
117853
112783
109362
115855
106456
124491
122555
119811
119441
101669
132699
130259
105555
129423
106835
119693
116864
126512
112956
100020
108967
104745
102976
106011
125785
126620
109449
117138
112185
101487
107514
131780
121427
101197
120605
132704
127919
123118
116317
125047
113957
112537
107126
116774
132466
122599
100649
124532
129676
113097
117556
107645
114483
118220
118401
109777
130761
120732
123038
117783
127843
100551
101741
113910
102944
119492
118301
125749
119226
123700
107608
127520
114522
111975
128446
121390
120241
122146
113555
121314
117316
126624
121524
105967
115975
108502
112592
122015
112174
114428
121812
112757
114240
129608
113831
112146
121965
128253
130584
117077
120609
112036
114453
114118
103129
129433
116509
130613
117558
121290
108535
130974
123471
109756
108453
119632
113228
117199
132756
107598
118065
102850
128533
107510
128759
123001
119569
109024
108001
117758
129271
101129
124173
120007
114938
126001
128330
125751
131450
103297
124969
126566
106943
130417
127319
100389
103917
112873
123433
100925
120628
118438
131961
110840
109640
112608
115121
126691
120337
108586
122661
107985
128163
110233
106662
127267
112752
127528
108627
124231
111548
101723
127667
125055
122962
118051
109057
100580
109942
120578
115655
127914
109082
129647
105647
127397
106325
110972
132757
101644
110352
103606
130272
115838
117507
116301
127763
126786
104416
104565
127391
112339
102605
127755
128252
117148
130840
113788
115447
109312
104998
117219
109134
115869
123821
105073
123002
105682
103459
123410
127436
120446
109431
108365
128955
122379
129534
129132
100733
124844
112048
130014
105172
107234
126868
122841
113963
116549
130425
126276
128737
122497
109543
115155
107749
126879
117845
128372
105091
126854
127900
110314
127869
105153
130220
125879
117854
105602
107390
130880
120075
108263
117834
101676
127387
123005
117497
131853
122216
117507
114397
120130
132198
100208
120480
131868
100020
105271
102522
108095
105073
105161
117415
102731
114641
122203
112665
115132
129904
105962
101738
108815
101094
109949
129556
102695
116635
105131
115172
106478
109533
127580
101036
114239
110127
130516
111161
124420
124644
106989
114820
105371
111597
115619
117292
104063
118512
120278
120612
122148
100762
128076
106921
120866
107573
110582
115064
106646
127613
127092
104253
101829
115375
102106
101454
116227
113380
101813
129689
120532
106653
102985
119004
104528
114335
131869
116500
122828
122113
126906
112439
116150
130947
107951
126501
131777
122401
104152
100572
108610
117736
128224
111084
112602
131081
108037
119596
122454
128300
128795
102314
120275
119558
110292
104936
111398
103982
124478
113221
107131
125484
117389
104889
120635
125395
109595
107717
111412
113106
130733
105130
125172
110981
110328
105690
105845
132625
127332
119468
118016
109487
126479
128339
128843
123208
126485
120849
120549
105027
126479
114856
108499
113307
113113
107538
115068
121140
128409
105329
100290
130159
112636
107849
128882
132348
104899
100077
119262
113391
122495
123447
109512
110870
105112
119676
123778
127626
129684
109503
115284
110213
102294
105253
118046
120435
116005
122793
100414
123468
123951
117777
111284
110368
116558
113441
113796
109556
107593
115470
130140
116940
102110
113974
125047
121865
104639
128525
120513
127477
111322
104795
100412
113309
111581
110245
132002
100831
108538
113128
131916
105923
118248
119950
129618
106255
124202
119450
128244
102421
110995
116774
120889
105936
120842
131855
115925
100143
129163
117999
106832
102065
108910
100683
102245
109106
112620
132110
118953
124165
119263
132150
122477
108610
130249
128718
112868
122209
130584
116252
110985
106248
104616
110875
111803
125986
115594
112428
120490
102705
114180
125960
108407
113637
107736
116729
103063
126189
126153
116810
118137
113677
124508
127995
104808
107121
110300
104634
122034
114497
111264
119823
120586
117365
107665
113879
128299
109035
102118
114931
100286
122038
123186
101185
123262
110778
106401
132555
106650
128630
104318
117823
108378
108320
113913
107168
100358
110839
103976
115770
124932
122325
120651
106203
106048
100355
103508
118336
102609
102738
109479
125902
103897
118887
118302
132739
121772
125015
116816
120619
105525
114292
127251
132311
106390
131686
123199
101771
119311
130173
121013
108343
127265
104005
128160
109800
103411
119131
105211
126016
103156
106624
114516
124708
103106
120556
124111
122292
112203
106980
131437
111744
113714
114831
108174
101112
101236
126470
103093
103973
127819
111018
102540
103319
107090
100794
116520
125087
104682
107557
122765
115134
105181
104860
107381
116316
123970
122604
129357
111805
107937
123019
123265
129586
101207
130160
121081
105356
119867
118312
115940
131542
113537
131367
117684
130884
113119
105820
114537
106598
123375
131592
130323
105889
121813
131791
124306
131296
115745
121616
119713
119687
127479
125810
111379
125097
125037
128447
105819
104314
128820
117494
106322
129543
118395
106395
101429
132132
100880
129618
131565
100006
128968
127148
131732
127699
105762
108097
116532
127511
114727
115199
110546
108025
128916
118209
128171
107596
132667
111651
130237
132010
132519
118933
130441
101406
107519
116143
116760
122913
129324
101829
124732
111048
112446
129466
127768
120891
113164
102937
114146
121193
113179
101985
114152
113658
108226
120481
121041
112005
125835
115525
128038
100612
107739
102192
126737
108933
100310
110603
125284
128290
131453
100572
130012
105522
119065
109274
116136
100545
106973
104576
127781
121406
124871
114400
106988
117108
132039
104762
116238
100540
127779
111309
128158
128112
101914
129773
112496
108450
104904
106326
118305
117006
110921
123072
131159
107598
117281
103859
124234
123725
120795
118685
115844
130046
119537
120354
127973
108110
108268
126131
120553
126551
117708
104034
123694
112342
102058
117748
118320
114655
118172
120888
116823
132559
109273
118424
125237
101507
129822
118766
110856
125639
127824
102809
115591
109073
121186
121551
114651
118384
113785
126004
121323
105151
129102
132524
104668
124190
100308
130670
122584
102307
125724
107355
105999
129356
107637
118669
122620
129848
102615
127794
130026
116247
106370
130203
112054
111584
109794
120720
132566
123330
132278
128743
119194
108124
118641
105557
123570
112688
126688
119427
116977
104533
101902
118116
100689
103789
125029
107719
114230
129751
101397
105768
101623
114726
105402
127692
103578
117969
119609
121613
113119
107563
119786
110578
128129
101782
130045
129538
131512
101620
118038
117850
106498
114527
108091
108286
112675
127002
120048
119661
104298
129479
115104
126840
106295
116698
113471
105043
101818
101453
108078
129005
115709
130454
103007
130685
109861
110806
130233
115293
109301
123987
114622
111644
109459
118312
128875
132303
117903
115515
121951
107687
110369
117360
121408
102345
123314
127004
124251
122201
131742
126397
119690
115928
131129
129512
113755
101809
104976
119938
107630
105742
100209
123699
129055
103920
124717
127512
104805
114559
122012
126136
132346
107935
130530
107322
119485
108483
128881
126933
103764
125446
100559
118919
122133
121976
114330
117002
123431
117941
101833
106756
104932
112061
111668
119422
113538
115199
131671
113815
129011
111543
127570
126585
125193
108410
110645
106125
130014
124175
128891
106987
121459
111233
125396
129045
104599
122226
115496
114404
108555
126642
102104
107202
120803
113681
115271
106266
123695
117873
123033
107277
119515
115231
101306
126567
112340
114531
108194
113361
129644
129365
126168
132424
120832
126195
107317
101325
110552
125553
116203
119646
116302
125648
120774
117286
109875
123826
112305
121329
121966
101741
104827
130786
114150
118622
105179
112232
110755
116352
128434
121454
116528
105020
120465
113874
116035
103299
124539
104217
106655
109083
127724
107105
100666
130102
120601
125846
113819
123977
100986
112617
108679
106779
129158
101758
106716
115741
132542
111717
109757
121337
124396
115660
110319
131437
108461
102259
126339
123994
104749
100704
113846
116504
125490
125907
119061
107021
110428
114556
130277
129406
109227
102892
122049
124836
130369
127050
112517
101635
108137
129607
103787
121591
127961
106835
119412
126096
116532
124946
110602
123295
120019
112137
109027
126993
114629
103326
102952
106364
112404
123455
112855
123640
129098
124129
107110
132400
121652
109740
102825
105145
117478
114164
125173
126626
118783
131436
108166
105804
102447
120214
131102
119163
124662
119934
123375
120750
129966
106920
119995
129964
129227
119879
102202
124000
116834
119215
112316
123366
129512
109581
103183
123366
111933
121174
113059
130593
122600
120445
127980
121161
119205
101097
124168
114198
119069
131110
111266
111766
104948
115163
111894
131525
111368
129532
127701
116061
123896
105792
125708
109039
128228
113622
127872
121651
105332
117332
110012
112285
112924
128752
120687
125488
118430
122610
129552
128407
116944
112745
114115
115058
101023
115741
123776
114926
120916
105414
109170
119192
100374
110715
107677
118131
105392
101741
114372
131911
108437
111317
130954
100669
109345
105771
115159
105897
114210
117913
126589
100903
112535
123055
129308
113897
111032
105560
107587
101455
102198
124429
118999
121016
124355
104520
122041
131225
127445
112188
119971
121548
128935
121027
130387
109354
112001
124824
129004
116059
117562
127686
132505
119277
113403
114784
110195
125348
124741
123507
118693
129809
111158
125241
120013
110182
107016
132495
106662
113545
110298
110505
125157
124519
105907
108037
100704
103819
101572
120989
103029
112367
103661
103521
104106
124690
107651
131812
129937
101962
128849
119382
119279
125020
118748
104882
129308
109130
120300
118072
102829
113260
114247
120606
131921
110274
106432
108675
104953
132489
104816
120484
130620
117772
110148
104530
101625
108477
129464
112548
119358
128388
106977
117737
109416
127831
109233
118752
119948
108555
102007
124972
124182
130410
114597
126466
130992
114821
128982
102949
112998
130124
129039
109588
130055
123483
106053
100737
124878
112151
128032
119302
129089
126458
105215
119572
127066
130859
112956
116780
119269
100178
117937
127825
123945
116906
132731
104893
101834
109656
103421
112851
132590
114427
129320
100181
106655
121732
122874
104151
113265
129096
131397
108915
100196
117331
101042
102335
117003
111359
108037
107260
110574
109510
132515
110480
125998
107605
105041
123831
110951
100065
120382
104053
111066
120510
106820
129743
120012
105774
123499
103226
109609
104567
115375
129364
126317
123192
101635
118226
127428
129532
118677
124089
131440
130320
107092
131538
126572
122002
112304
112983
115279
125131
103584
116979
131954
102591
108778
130282
120149
102657
100511
128403
129087
132300
101860
123151
125989
101712
111096
130357
113357
131914
116851
128460
109876
124631
131020
127741
127020
131466
117534
125959
126025
126652
104748
102965
120062
130595
130210
124942
111364
107687
108958
121035
126459
126832
126062
123918
104788
109892
130460
111056
100462
115216
120615
107163
126463
121028
126740
110586
101046
124772
129829
110895
110367
112988
106985
120867
103622
128021
113909
129699
119455
117189
102512
129992
127141
118411
105429
125367
122562
107451
124916
107403
119535
126327
128570
105360
119452
116351
111923
100786
125778
108105
106061
107061
122519
126293
123103
107686
115986
101307
114281
120593
126191
128518
130078
115060
128901
121924
101791
114036
129590
120670
122122
110159
108183
131238
119859
128274
114129
108463
101169
128268
119624
105057
114717
113794
107130
111436
130070
107940
130089
107069
100744
132032
102076
107279
106414
110774
101859
104132
124758
102060
130426
111317
113893
119298
107440
113349
119706
108424
124520
129020
106007
101103
104415
123859
106525
123262
128655
112620
101783
109830
123988
121028
121562
125720
104654
118411
107051
128117
119558
114739
131713
127174
118356
107719
121741
111246
130688
106238
101112
102236
120615
112400
102124
100421
107104
124616
111061
120465
109216
109530
107369
110773
113627
103544
107238
121730
114668
129568
106138
121755
129591
122552
126121
121644
108173
106460
131339
104409
130896
128119
115924
126197
126679
125072
127672
118261
126995
117607
105678
116004
123507
115649
114580
117400
120070
130688
132660
100196
101600
109430
107525
121103
117438
113787
124757
108869
103405
105149
125286
126413
131687
116312
130998
124091
122944
103463
119427
123111
102976
130521
113807
113309
103890
112711
120865
112790
103964
132100
122188
132391
121968
126006
111987
132025
106467
124837
124941
105081
129083
102418
115878
115793
129039
123850
126502
130838
111145
116091
109398
125443
110127
110149
106656
108646
102531
116244
120599
122009
129383
120366
111799
118580
122725
117256
117229
104065
125166
111198
104538
119344
100673
130690
112340
118604
124046
122869
128685
108654
114523
101428
126520
112177
130344
118996
101514
123877
127566
110033
105086
113800
101677
125476
118012
115698
105094
120467
117882
127055
108838
111309
120258
120786
118981
125110
120822
124584
122925
102912
111570
110891
112287
130043
131122
112217
117874
105902
128980
108164
110333
111654
128094
131658
127927
129294
105123
107976
124573
108416
105506
103435
128980
115483
111055
104135
109712
120150
111639
132684
104244
103699
128030
118197
105147
109688
113227
130915
130390
102650
101894
101802
101974
106938
109248
129993
123725
131093
116276
105248
127088
120438
101357
108701
131136
131439
127497
122488
118378
118537
117564
118304
117227
116824
113176
104053
115319
112978
125323
117303
132380
125665
110249
105150
109603
115510
128939
105196
108087
114785
109624
110177
112841
131358
123620
129261
131506
118770
102391
123467
113690
124023
102767
131596
117913
118516
113736
100305
120989
115249
118522
127933
126220
110474
126276
111402
129066
125249
100648
128411
105148
114457
122167
118258
103534
117024
121870
127972
118642
120012
112929
113065
118634
108617
126647
100856
100232
102418
124214
131634
121843
125631
106401
130270
119405
108317
102751
106581
112180
125060
131390
116158
111397
116069
105911
117821
109607
119843
108148
109672
118983
129572
118543
122875
112160
110887
114461
127436
128766
112344
119659
117249
106307
121505
132231
100992
124553
122308
104066
102311
130568
104871
128501
125246
128442
122990
124482
122793
130238
117711
124188
121186
131323
126498
124746
111783
127493
104888
119463
125296
109380
111214
121198
100260
117075
114050
105140
124300
126630
107429
109622
103048
113520
121169
127317
123393
130243
123228
123743
107166
120569
122318
110352
120251
126804
107248
117593
129815
121057
131237
126303
115916
116898
112125
130503
116613
120043
115464
127793
129771
115725
101608
112130
106080
110130
100394
127335
120304
128648
122199
128407
103300
122786
113605
102232
106585
114459
118451
129220
121521
103548
100501
116557
129993
100191
112813
129791
129546
102613
106203
103173
121731
119814
127414
117615
101527
125463
101083
124978
102131
107857
109958
110960
103620
102271
105311
132346
121894
108439
125846
106772
122591
107165
120881
101496
109133
111557
128421
114589
127901
106456
100516
127800
113726
106456
126519
112644
105109
120551
117260
113598
129779
122725
126737
122740
126148
111449
112194
131840
118793
128018
112574
109008
128776
120078
104993
122088
102465
110106
125966
126505
126117
129211
113675
131283
128515
113869
123538
129865
125379
110698
111204
116244
109526
102157
131873
130091
116205
125943
117270
127089
124649
132050
111958
109696
128659
119189
130316
117925
102798
125607
122639
122155
131466
124487
129207
105693
132537
119851
127728
116934
130951
132711
111756
120123
120710
111249
102110
112668
110247
110115
104580
108630
110512
117280
109188
128684
103658
102907
111515
123832
112154
127412
120273
104236
111283
100164
131665
105566
101450
107323
100216
100356
116042
113832
116012
109371
120809
121913
129903
128975
104795
115363
124723
129462
122181
118340
106864
100829
126324
123911
128117
106024
109007
122761
105340
121524
124042
118394
106624
116831
118429
129861
117843
119946
100469
101107
122091
130589
109289
111180
128508
119756
121967
116288
131021
108441
116368
109446
124996
105370
130969
125315
129602
125949
113812
124013
114487
105033
122742
131760
106221
122342
112026
115089
111016
130528
129646
130321
129137
129000
127597
126740
126895
104604
111181
108994
110583
125192
124537
102702
102693
103788
110273
104501
132012
110911
123472
115882
103466
130165
118751
114352
118080
101886
118313
126822
125856
100239
110751
127690
104551
112292
128092
123095
105902
116422
112987
111089
117083
125193
121832
115331
127549
103642
115284
113127
119641
116215
111341
120966
110974
121791
116269
127296
130848
130476
117042
102926
127587
108830
107630
106469
115061
117850
105120
125406
129313
103122
128003
128917
106913
116391
125381
104142
107956
125804
124346
126047
110577
128557
125522
101450
127579
116399
112329
122153
101429
116218
129949
117455
131608
118293
111429
101420
130114
114449
127776
131185
114481
124232
116908
124789
103025
103655
128760
129367
100786
106154
108636
106854
123933
131559
125031
122941
128488
131022
129561
104754
118824
127983
122450
118514
105191
103933
106123
103269
120183
100561
110532
110296
127237
121521
131517
115290
129393
121555
101993
125286
114782
124957
130464
106179
114309
105775
110868
125097
106318
130467
117894
102437
109217
100499
101946
124862
131321
119900
101288
124249
122299
104354
108148
103258
119751
115605
118176
105740
112716
103282
122625
129603
110560
111948
113903
130624
102864
126988
126017
118228
103860
125623
118393
131273
130887
129263
117819
127613
113782
102589
132100
132560
108983
118157
119064
122944
127132
107642
114364
122963
111784
110028
113574
119606
131681
108479
106930
109987
111782
104071
124374
117767
115779
107920
132184
130533
112067
110090
130366
122997
104838
100005
128263
117906
119315
131225
118168
121811
103598
112106
117625
116983
120878
101610
105281
110470
108041
103679
117583
126645
131505
106662
101819
111498
121379
114872
120460
126530
113084
132333
109100
112368
108623
107934
110617
124262
127862
129743
122332
122968
119077
124012
118335
124863
102533
100307
104635
122492
118015
132755
113968
120638
120726
103027
128985
125093
117371
131767
102782
101544
129755
118430
131051
102196
113916
102703
125602
118805
110216
129589
124877
121882
129833
118921
132470
106868
118613
125327
127738
115552
126316
113155
122555
119046
104704
123894
121878
123808
117875
124435
124309
124894
126152
118823
118629
104073
126899
106721
114186
122984
108530
110806
128337
119136
109536
118471
103302
110302
100936
127271
101608
120186
115063
106712
129882
104916
109717
131382
104027
110786
121653
104790
124728
123566
100138
115343
101760
101945
105628
122938
108473
114212
100444
115895
111697
120433
114805
124849
130776
105669
113412
119202
126316
106513
116553
123033
115316
115569
130301
117307
108177
127061
112102
130823
102097
111582
116138
119519
119590
117643
123873
102084
100631
124180
130157
118754
128694
103830
121358
120780
111058
117745
122673
111112
114541
115310
114953
119502
116592
111526
129249
103181
110750
120479
122801
109999
112839
124471
108527
107038
122174
112582
108967
106503
108429
107775
111822
122974
111206
118039
122324
102306
129757
127274
129144
109922
119253
126938
111840
132352
131512
107577
103145
107445
130156
109545
106428
126933
107906
120961
111010
116052
101552
118835
103961
113546
109697
106924
124455
129075
131403
118588
128238
111546
101474
103735
101505
119479
104331
126875
126198
112822
117939
107250
115132
112698
128481
117882
131375
115713
129386
114052
125546
116106
124516
108058
103772
113877
107868
119524
117023
101738
106828
131661
101508
105628
130247
103649
107763
107791
108407
105721
128882
123768
124873
102811
131075
131236
109799
108700
119603
122044
113895
105479
122352
106439
103233
122563
120731
111472
131975
132207
105054
100873
128080
123025
120256
120529
116342
106736
118646
105330
113793
124734
108156
110286
128610
108026
117861
106747
120165
115861
108784
106636
121953
118484
105435
115987
122929
111477
119036
123620
105576
120341
105101
117787
131137
129105
116168
107232
116693
114220
105908
106729
112017
119216
102462
129089
131046
125401
108939
110920
116546
112814
121229
109052
108608
132273
112596
105078
114204
127353
113063
115383
108905
113566
101972
107941
126726
125909
103876
128337
115534
116060
107858
103547
103823
127897
102109
119128
126909
113406
106012
114067
130664
110895
131122
116625
120044
114791
117123
129273
115176
129560
101829
130676
116721
130257
114266
122033
102023
127333
115421
128685
122695
123722
131067
117041
131939
129087
114820
130972
103760
117553
111809
116194
105150
126560
130057
130005
129741
121022
126095
109987
107646
115351
101758
128416
129383
111991
128840
109382
118956
119625
101946
131962
108074
104636
117589
132625
117237
106219
100185
130195
107525
106556
130082
114239
122924
115848
127031
130383
104011
129149
114849
129405
115398
119873
113913
113605
107317
120152
100805
114541
117597
126920
130309
109635
132702
113275
108808
132646
120877
113380
100740
128455
111429
103398
100070
102065
112282
105457
115687
112263
100303
106094
125280
102797
105896
117853
123999
104554
102082
106556
117370
113453
112770
112939
120931
112013
119371
127311
114365
129141
114932
111476
110894
117952
114297
119798
125878
103233
109040
127201
107071
116230
103359
105815
102005
106205
121357
121906
102359
100120
125302
110059
102926
111758
128515
112059
109950
104418
114777
113151
112156
131080
113456
132065
109695
104196
107783
123445
116025
105461
125462
119713
129639
130643
123525
105473
121735
114293
114907
117001
102282
112470
115897
125484
113962
112024
132552
131005
118142
131017
125680
124245
113868
111590
106955
113524
126366
106013
109145
103531
111128
126167
117493
125049
130952
124406
131207
103732
131135
131419
114428
125994
128928
101548
103923
103625
109686
113748
101817
116092
118155
118219
118904
104471
132214
106263
127915
130421
109236
122771
128469
103519
120058
114159
115827
124848
108746
112504
122415
120759
110661
126105
124246
111325
106560
106146
112268
115080
115865
113353
120767
117055
100043
104047
119641
117518
115393
114852
119738
131372
122344
101612
103141
122843
119944
113475
127609
105872
110932
123232
118756
132692
107328
129335
125139
106090
107922
112833
123884
120882
126524
104191
119232
123213
104041
107069
113147
117506
110934
101268
100574
102880
116067
101298
127216
116901
121706
132318
103664
125535
104527
132662
101901
104401
103640
103483
107098
115736
124863
121488
114556
103567
103942
109311
101797
129007
122251
126397
110279
112827
101852
124655
130561
102107
123724
128364
123742
128134
104519
110277
102334
115302
106722
130179
111892
120567
115894
106159
102098
118065
101103
112536
118434
132710
109728
115920
115031
101229
131418
108920
114723
100608
104956
110013
115210
125795
130508
104355
106902
122182
114119
114946
125645
110061
119350
118477
116064
123534
128642
126362
118565
128763
128841
112479
129735
102784
108209
108154
116413
110095
125693
113141
123000
132250
105310
110343
100321
110273
106251
127966
116482
118957
131731
112539
119299
117052
128882
113567
107353
109918
127459
117253
108602
103103
121078
128367
102740
126374
130274
132614
105406
132637
116636
112572
124463
116818
121769
110037
108142
128061
103728
114597
119561
127107
106835
131739
103754
115866
106431
111998
104295
130606
131714
127223
131833
132548
106526
115024
115631
108190
109531
101755
123460
118238
100449
126806
101294
115950
108677
123181
104601
125726
127588
124032
108819
111247
121006
132615
108681
123985
106053
123636
118258
126920
129031
103288
126026
117076
131303
106120
108354
105520
111683
121569
122934
119707
123506
123210
126815
114486
119708
128025
130378
120494
101582
131064
102536
123034
125773
104937
107432
131239
100907
106120
120674
127218
108057
120464
103701
125621
127868
115873
111988
131622
105155
131137
130939
129436
118519
115232
103337
118772
111251
132512
104297
101939
130711
123796
111825
104556
106456
100936
115342
132581
114330
128707
108575
115829
124000
119624
119362
101168
111619
106275
117676
122951
124930
132002
118269
112169
101145
129633
122611
123886
106261
108746
118238
130294
108006
103645
107860
117709
114934
104237
124197
128082
121529
110123
104593
131353
102022
104103
105657
122893
115365
118164
109396
103002
108713
122636
130467
103306
104447
108180
105383
113645
128712
124064
109457
107071
107748
118106
120186
114821
105807
128159
102228
122936
115121
113482
124193
102821
132144
106934
102755
111252
123785
107390
129491
116776
126303
131207
123989
110598
113363
104257
129068
126137
105300
111657
122730
102742
123320
129683
105643
102491
100236
117414
125187
127453
105129
116904
110133
111843
108808
125308
127270
122893
106200
108648
114833
132473
117453
117276
130043
114150
130234
119024
100074
122650
127586
132718
113746
127362
132748
114192
112208
108825
120405
111946
114202
124298
118986
111819
129079
130457
124086
120577
106731
121279
114873
104411
126198
107028
121242
102866
123518
131955
109278
101418
114249
118744
124314
114293
112943
130572
131461
126298
115151
117893
123985
115860
130690
101255
103228
102973
109453
119440
107234
116557
108955
107763
121173
123230
118890
117187
112239
106930
121284
121586
120423
111990
129201
118714
123555
111432
127211
132668
132301
102904
115346
102504
102441
130187
114209
116764
120102
108422
103585
126608
119603
101225
112668
121585
113875
108665
106581
130124
131572
112578
116662
111278
119933
126301
128138
115594
121638
110575
107116
126298
132748
125298
106495
122505
113797
120120
111840
103313
118192
126764
123865
122977
125265
125020
105816
108801
131932
115892
128543
101752
123088
132620
112188
101614
114246
100454
119868
123918
115914
127856
110748
109230
114921
124241
107904
128178
118795
113313
114343
129581
129028
104377
109983
101066
122085
104238
118325
118891
100632
115096
118576
107791
129964
111256
119615
131065
127213
102169
106031
114191
104760
110805
107105
117120
111117
109339
131708
124073
111974
101584
121695
105530
103239
132021
125530
107668
108951
115943
123805
108150
126510
122540
101616
114393
130863
120684
127141
112152
101784
114174
113867
111188
120343
102182
107173
125207
105504
103515
117339
103479
121660
106445
110318
110078
107172
117158
128625
112775
118542
103056
105079
103531
104135
102264
128200
109214
105474
131730
132184
126355
129392
132510
130681
128423
130320
108905
131151
113852
132425
110230
128132
113956
111670
113566
131390
128962
126273
111638
102990
107883
119027
103729
119723
104338
109322
129925
110622
101413
100044
112146
108606
129202
122268
100992
103839
102606
103371
102056
110151
101303
112560
113494
121953
126264
112379
105549
114230
120269
130630
115084
123480
105992
112365
120272
103456
114995
104224
130650
117851
121655
129078
124914
105025
114109
108356
107820
104615
123026
107503
115178
115573
110928
115070
110626
115033
132667
122420
127458
128445
112745
107740
107665
126711
108838
101541
119159
132288
112278
101168
108416
113384
123804
109800
131644
113736
112379
100242
123435
131575
103867
113444
113208
129729
105679
128219
112259
116436
114164
108680
122979
121789
107484
128043
115628
107667
106892
123330
129325
127602
110851
129891
113277
119083
115996
124297
123640
103482
127669
127916
131588
110585
111889
125716
123545
111379
119163
124910
109568
128058
106028
104608
131034
116765
110703
115546
112997
119700
112131
117229
111099
118302
130497
106465
110299
116878
127870
124609
121900
117761
103219
107706
129343
124179
104284
117093
104981
126803
124573
128224
107041
111860
132267
111907
121934
112325
100970
109969
119876
110691
125267
122062
120039
109740
130585
128209
110625
114296
112268
129338
111586
110980
118461
104421
127077
116655
125283
126911
111540
120425
100221
113112
122478
120936
107321
100538
128456
116636
127509
102906
104146
119654
102980
112140
110332
116485
108371
113243
105944
111697
109068
125337
107553
112299
126875
101972
115709
123444
109551
129995
128639
111421
127843
104703
121456
102911
130974
107021
114767
114316
113591
103354
112534
112902
121757
128336
131391
129551
131767
128169
101255
102272
114119
100489
121586
127326
119828
101681
132239
107274
111560
102192
105853
128183
130455
112765
115630
129313
127905
103363
107499
131965
118682
104956
106776
115115
115752
114241
131258
116403
109964
125920
114870
104815
112005
109232
129627
105349
126577
122273
128675
122009
108982
118679
120758
110016
101728
131705
129968
100663
109836
128132
130212
107093
109060
118758
127457
111038
106155
112776
120436
119258
121116
109611
112878
130949
108814
108726
104551
103176
115963
101582
103106
116040
100993
124584
116787
103742
105992
107803
104447
106919
109989
122618
105091
117501
121662
107680
130168
111013
102895
102348
106357
124010
117421
132528
107445
119594
132137
122692
114459
121295
127479
125920
132467
128897
108272
131594
132603
132635
114389
103053
123426
132571
117557
127435
115087
119133
100240
117587
116581
118218
104636
127926
126150
125773
121736
101527
124054
100806
100000
110338
126081
103875
107440
102399
110399
127404
107468
119654
105494
130877
103184
131316
120737
122169
110467
118687
109009
109917
124737
113447
101681
128659
131546
104430
115566
128873
129269
104713
103190
130241
115769
130199
103072
102602
105581
119377
107693
103983
129501
102499
100749
107406
119296
125563
109061
111403
120921
106271
130895
129766
116379
110403
113763
131178
126992
111643
105589
114088
107579
116526
129727
125316
107709
110764
104320
112845
111221
118785
110149
109427
128491
127658
115047
113140
116463
101703
114389
128792
104317
101106
123411
129502
132580
108240
128899
107446
121383
132069
124132
104176
127652
128813
105240
127349
123891
112616
120106
106421
118801
125493
116879
121824
112830
112610
109228
109913
119075
125827
110489
130152
103096
115137
124453
101935
104805
124149
103706
130271
101096
116470
130498
131115
101750
118062
108457
104957
102821
131828
104869
129896
127881
116246
107540
112095
112413
106932
106597
101540
123877
117589
117210
129666
115666
128564
103307
114623
100710
127195
106415
101453
106776
114931
113687
105024
111098
110939
100347
117893
102809
132727
108281
107984
110373
117963
107867
109526
113106
128456
127385
101053
132733
112357
102174
101584
129171
122610
124495
113272
127535
103849
120266
112231
102274
113031
125163
109079
110968
118746
120725
120435
105368
113434
111407
105684
108845
109436
124140
103470
122275
130501
123216
130700
119859
130140
111856
111289
119491
112292
118393
118336
132103
123528
109043
115607
105709
130136
115015
104600
127288
104659
124415
125232
113514
105861
125006
131675
105448
119635
110416
108880
103257
100180
108178
123640
130127
110050
107733
118693
116777
113649
110607
126721
131896
109216
115379
122949
123936
121102
128562
127659
125569
114799
112322
104997
118999
110175
123998
105551
120223
129397
132366
100770
106428
123932
126056
120555
115224
106910
130135
109308
107150
110978
123675
111778
116744
132376
129681
105687
119780
107346
109749
125240
109213
114389
131429
123577
102311
127568
113000
119959
112794
104205
105134
112526
105363
125382
119257
105805
130263
127417
101629
127015
131002
122366
111524
121611
114368
118041
122902
126390
110337
111308
130519
119079
119506
118831
110960
106579
130977
127490
126322
112923
113441
125249
121017
104827
127912
127481
125422
105732
104405
130139
121935
110220
119157
101390
123315
115236
124839
106954
112072
109386
101439
123683
128672
107360
104553
128162
124524
103517
130191
113178
129671
129987
124796
127289
121782
129489
125121
121438
113582
123129
102999
123818
107478
121236
122247
100954
106831
126421
120583
124500
127538
102907
120422
103423
104472
130251
115881
127064
127968
123966
112183
121667
118444
127607
121842
128030
128045
100087
102311
132252
115233
104468
130984
101841
119065
116903
114103
109449
105088
132614
111910
115166
114649
115250
117821
108810
120648
106065
111836
117625
123220
104798
110689
125475
117739
104223
117452
129816
108198
119639
119074
120412
126031
103742
100111
107766
132513
112430
122830
116292
125262
120479
114254
106385
130375
114773
131213
100841
105783
126168
121416
119340
125520
106789
115415
130914
116811
100259
129619
119630
109482
120152
125433
112966
105793
118621
123859
104258
104180
115855
132501
111922
