125977
124447
130854
125430
124489
122812
129551
123200
125600
109910
112034
107686
103500
119288
125708
131512
118639
117450
106023
113392
109159
109377
104678
107914
117842
117139
112116
121237
111825
102254
114328
108619
108813
115433
122844
117918
127480
121787
129774
100883
118742
112810
120006
110035
116475
117063
125193
108032
109014
131033
123950
107333
132142
106391
100575
129201
117676
113434
132258
110021
129434
128785
128952
128715
127466
124215
111685
100202
121722
101250
129202
127864
118166
125853
108880
102927
128703
106137
118078
104163
106666
121056
119436
120274
112012
125546
122272
124093
109205
102195
108505
102295
127930
107500
110963
119483
124088
103152
117419
118659
107350
101755
112675
126742
102122
124182
128647
108417
114974
104790
123249
104202
101364
126406
115082
125376
104712
105506
132595
114007
101910
128710
109795
128819
121531
102245
106385
114883
103296
112126
132436
106000
130580
123916
119304
119446
111321
124926
103349
100434
128930
124134
115563
126236
112572
129653
105840
113207
113963
108839
115870
121383
102197
116411
111878
106690
104997
104166
117209
117130
132169
121928
121481
110650
119869
128415
111403
128927
117867
121659
125984
103081
106451
102578
124148
123842
123912
122580
124550
124510
124027
125409
110697
104148
113404
129018
128395
101484
119166
130006
101396
129465
110875
112566
119953
100137
115288
101531
105554
113626
123561
117174
130832
125103
127800
102432
101332
117156
115938
106187
110867
119134
132482
105145
111646
119559
103027
108395
112570
130648
119888
123805
103946
123383
100350
106032
102838
124932
104685
120680
107078
131310
127130
123479
122831
127116
122713
113305
119250
127337
131665
123458
107873
107103
117448
121877
102019
127591
101025
103927
121050
130735
109090
120739
125827
104173
125691
100766
115774
121844
121988
125038
110031
109700
124231
129031
112036
119911
132542
117638
107703
111033
112734
128289
130998
115848
103124
111198
119394
122013
101518
108676
117301
121240
102013
116047
123975
110915
110617
104424
111218
110624
116134
112148
129972
108612
107446
131500
113622
131688
113648
123469
116299
124222
128783
116560
102491
124673
127022
132605
124545
130384
128322
124923
102673
106300
127208
130571
109597
118176
106849
101111
112282
128433
114906
105156
105663
123349
131825
105007
115118
109753
101238
131672
117846
125597
115310
126136
113560
130291
108894
107352
132520
115753
103878
131397
116407
107459
128235
112447
115407
101548
130265
116913
114430
131534
126633
120038
128438
117472
118272
131193
109172
117119
111064
103181
106656
107649
103043
105791
129460
114054
112876
113369
114337
107727
111393
116040
104559
130900
127502
100945
130083
103184
128139
121599
118245
126368
107418
100064
114530
121100
115689
104305
126320
103141
106655
122838
131312
129424
119637
111822
120569
107489
118113
123111
128051
104172
132699
108782
116608
101911
127962
128170
131042
100724
110207
126922
129433
104014
124981
112411
132747
132610
104374
124414
103913
100112
130386
104474
130832
119922
124140
111438
127917
126765
117061
101865
122149
103973
113789
115998
108852
127029
113110
120754
117204
105599
115900
121080
126048
105729
129282
118783
109561
118634
127087
104202
115497
124971
106873
118592
131270
107472
105296
113829
132121
107153
115486
106057
132160
107044
128653
120512
108241
100822
112523
129233
108992
130266
116042
101490
124035
124641
116362
106485
124019
112363
125210
129404
108662
113756
105116
130226
114651
121426
114314
104637
118917
132406
132470
119406
116812
114321
117142
114363
114080
131873
103551
131440
115567
122669
111153
107553
111689
105749
128340
121187
112835
115245
102593
131132
101657
118219
109124
130007
117271
126623
101024
111484
111929
107075
102100
118464
121873
127763
114333
131577
130793
116799
109628
130805
102058
130079
131449
122348
115196
109766
122344
103090
132527
129753
125547
115249
117850
109218
116216
101399
131393
121696
110493
105676
107132
116961
102849
105383
116310
117587
119468
117089
102388
100696
101962
123594
120631
102488
105771
105402
100322
116507
101583
116299
130048
126615
126241
129605
120192
107782
104257
119002
105251
106300
119174
100500
105624
101432
128196
107915
123365
120569
128714
123355
109064
113299
130607
131669
113886
121985
123727
123765
103493
123197
115344
119444
106621
110350
132074
100191
109525
119585
129958
119176
106883
113884
100453
118460
113619
115567
119397
113876
122244
108972
102400
113743
105070
103448
127861
104192
111465
107842
108011
122628
100715
111699
127923
129527
117744
119271
101838
126055
124575
102171
132271
129417
127530
113383
122945
125739
109686
100783
129324
103914
113660
121620
128853
126373
115311
102928
104867
114226
131742
111426
109321
121935
105885
114054
116929
123611
109343
127177
122325
118854
110887
128796
128996
104518
114400
107526
121123
130507
110280
114207
125858
117046
119828
100058
129489
110277
104273
128163
118850
129362
116295
119594
109744
118078
105250
114174
106049
104360
114388
108893
113416
130530
117429
126283
118478
123173
101740
100065
124690
117379
104211
132072
122958
119582
118934
117926
120956
122008
107100
114680
109273
110026
126506
120225
121065
116665
122948
113378
132283
100037
121813
105803
122990
123940
132752
104400
112372
125839
112536
128543
127510
112955
118173
115249
115128
103435
110664
118815
116831
129028
131290
113720
127216
107777
114192
102224
119227
132520
122697
130394
114871
131740
109290
127546
130319
103924
117762
123092
102878
111341
125738
100457
120375
120283
118448
107555
110185
118886
116212
112878
127617
108018
123921
128394
106000
101471
118208
121054
109870
124147
106106
103056
117438
115092
108765
119250
111604
117307
104017
128639
128277
104101
109035
120934
123774
118860
109202
104678
129256
110741
112736
111291
127978
110411
102730
113687
123327
128332
100612
102132
128330
124802
112671
117673
118615
122389
108149
125372
105508
121823
128198
117496
109088
121377
117155
132287
122354
130164
132491
119713
108477
114946
131669
126253
122275
131317
123341
107526
106376
120112
110498
102970
108568
111421
121472
114128
110347
120455
116857
125856
114855
117194
101033
103528
110215
107719
128026
110619
130460
119356
104421
117628
128369
127507
127642
105452
111795
109530
115426
132480
126704
132467
120163
116567
112543
102925
116708
115243
130657
101715
100274
101669
106630
112354
102210
118006
111571
131585
108311
131363
126594
126348
110054
113568
118923
104498
109561
128673
127522
124129
112081
130221
105345
115581
123407
104180
100839
127448
120469
128482
132577
116959
110824
100340
110280
125457
118232
111307
106379
123190
111716
107135
118958
101965
108504
107317
121747
125894
107832
112884
131833
132337
118753
125364
107714
110775
102766
126392
129273
124040
127193
113182
115219
111508
124130
104885
119413
118334
107957
116750
101175
103885
115143
115414
112680
104549
129537
116066
126226
100663
108832
107148
116799
100596
113244
127166
114235
119431
127815
113740
119516
106499
103673
111623
123776
121818
104554
132111
124566
127569
100895
119528
115808
120624
117001
103632
109814
103358
109738
108880
102287
127212
120441
128786
104188
102865
111240
129522
118645
102998
125796
128855
121240
130611
120124
117956
118447
111642
103494
101546
113202
100657
131679
122241
117901
114886
104434
118550
109346
109631
121882
104999
131474
100175
106507
130605
112696
124016
100782
110969
127991
114061
110987
104322
115510
130302
120812
110974
105512
103098
128319
130351
102481
125384
108989
112128
121158
119287
118857
109648
107188
111055
112795
108302
112035
103623
117917
131974
125180
125369
107797
100218
129865
132498
119173
104821
113085
114254
120655
119644
104564
111140
109597
107334
106491
102141
110464
126605
119827
126507
124888
125734
128946
104536
132723
107309
119371
116156
128761
120516
121423
110228
130567
110622
125172
131023
109338
130519
121653
100362
106927
124807
115738
110782
130472
118934
103481
104376
120562
122194
121469
122058
108645
118334
131622
128961
105963
107949
111121
109206
101861
117648
110906
123881
106954
107405
128127
107946
127505
117073
113063
115738
104786
124710
119714
102642
131752
121544
101394
116449
128857
105588
114187
117052
110521
105539
101911
101362
125771
100790
123774
112574
119850
113042
100036
122528
111015
105966
100722
119949
110132
132234
121626
131174
111745
102242
110485
112935
108516
105347
105103
131937
130046
100894
132166
115434
126876
106459
121742
111826
126683
126575
108825
116122
123024
130161
124917
104353
123622
106345
116566
118239
113481
113707
113046
126677
130435
123235
128122
127940
110117
127088
116407
120862
123945
116854
124596
113978
110037
108462
106130
128587
113891
112385
129386
102547
105950
127958
120277
109524
130767
125992
131506
112392
117017
131291
115491
124241
103074
107088
127705
126771
109107
113463
101266
128001
115490
114084
119519
102293
132142
132709
130859
129092
130474
101012
130809
112914
117470
131944
116077
121889
123562
101456
114702
104816
121708
124739
121290
122306
108068
121681
110395
114139
132310
123263
120872
109042
114736
103377
125519
128356
122989
103080
104801
100006
126329
119886
104527
115581
129622
103120
106436
101745
131006
117772
114162
123519
117258
100362
119698
128526
130642
121232
123430
120356
129750
118000
102274
127194
104092
112933
131722
101901
132187
108318
130365
102743
122008
115546
120819
104509
103183
101813
115170
116906
121684
113538
125671
123805
114874
131033
129668
127006
128372
110130
129061
103030
105722
125747
100519
123807
103855
122823
107802
122106
132544
107120
110278
109632
110415
117470
132205
132027
118737
123840
130256
113334
102068
110298
125556
119346
114501
126808
101542
111066
129490
110178
102845
110905
118795
110064
102047
114987
106670
130528
102279
117137
118372
124742
108037
102217
122342
107011
104518
112222
114531
100505
103829
111739
116518
114237
103458
116646
104820
129838
113666
116010
101811
127814
131960
120021
117970
101070
122995
126052
110308
118167
111447
106300
105486
121926
118528
104027
128164
115696
115205
115853
115855
127975
116025
109283
116210
116179
127864
115041
128781
117764
110240
120823
116577
121350
120285
132019
106516
129910
110890
126004
117656
118037
112148
101730
131208
125979
100801
115036
103378
126926
123954
108210
103963
106834
112837
112341
122975
124355
116734
106699
119768
102017
130694
113703
119074
132043
116084
108601
109212
130448
108492
125826
103953
114305
127301
108394
123288
132459
109136
111670
126904
108740
103765
112948
114384
102532
102720
103736
130998
131638
132412
109388
130975
127822
113086
124836
125247
120253
115398
102608
106801
103107
122722
112949
115096
108548
127603
124094
129287
105183
129203
112335
118942
112123
106487
113787
105846
116002
123826
108278
106816
115539
119483
100941
106024
110354
123472
128084
123392
129283
127578
126944
101530
114871
124658
116791
103797
119750
129829
106693
119964
107294
110836
111889
103116
107162
131743
120047
124117
116439
112932
127222
120386
103747
101378
117556
108348
129654
126530
106529
106924
121542
109752
121810
117152
102677
115079
110447
126192
118766
131299
105191
120353
104657
131867
114402
108169
114122
126934
101112
105396
106824
102044
105504
115719
108589
114841
122731
124579
102946
116638
118002
107149
109613
130665
118540
100619
102789
124454
108997
112465
126629
109878
128652
111452
129695
103214
100396
102431
105139
118307
117502
105693
123936
120101
128348
107478
127034
111625
105560
130085
112317
117868
131246
127721
123489
108532
108536
118691
119726
114649
103969
128991
116242
122276
113436
128535
117553
129335
125142
124884
102524
112654
124265
104214
107269
127428
126354
115446
107921
122329
113509
121738
109807
118450
124223
111881
112265
105953
108797
128559
126265
109991
128875
116195
110686
107447
119807
130072
102702
115005
122056
121329
113230
130079
102049
101672
128416
114051
104874
131760
115804
125329
121337
117913
114018
103546
116876
106293
107982
100537
129154
108921
128973
131737
128139
117925
117680
115959
102558
128808
120639
125769
132074
108221
128848
105695
122638
120283
128920
132457
111244
120908
101568
112314
129403
125723
111803
120779
105597
129972
127320
115971
106737
125511
102675
132533
120938
117613
129585
113387
107615
126222
109580
125794
107044
107138
125611
118997
119576
105462
116885
100990
103713
118034
131815
121051
130901
108249
123813
116398
128762
108752
106062
123719
102577
101730
121523
127493
102894
103811
123400
111387
108203
112532
107068
108944
106334
112006
129926
131722
117544
122435
101441
131531
115279
130633
126713
104316
111854
115608
106182
131881
102891
104655
128472
108558
105002
113554
129620
128657
111616
102958
126303
102159
103147
132224
118903
131547
100224
121875
120074
118916
101284
126856
125505
103511
122623
105787
122141
126501
116654
121123
114374
107335
117560
119290
132384
101342
127940
127390
104862
112223
128393
113848
117339
123984
116869
120219
119143
115788
100978
108143
124510
101709
113910
128654
101952
122667
111642
126766
105852
101471
116989
119617
106574
110861
107722
126617
105803
113474
112615
131152
124475
116858
110959
107623
125734
130149
101091
131245
115634
111850
130076
112866
123564
114541
125828
126493
108516
127821
110214
118123
115774
120241
110147
127417
107526
109189
115847
105716
119684
104127
124155
101486
102864
112615
124572
126084
132584
120022
131435
110462
117248
101310
119910
117686
114969
106858
100280
107773
125653
120263
122669
107834
108938
123300
119016
116820
110229
131510
128088
106322
131313
111327
122216
102081
119304
132015
112630
117846
103624
106284
112519
122837
101114
128206
110393
109361
113871
106958
124409
114165
102076
130977
129781
128994
125320
129983
126548
114394
108708
105640
107045
117757
115386
120873
124822
119825
123016
106203
126055
102183
120303
114926
105630
123771
110919
102436
117883
112541
120054
123680
114350
110542
118593
122337
121544
121517
124002
107402
108528
102675
130778
120164
122839
101691
129544
131877
110062
130342
129787
127091
126678
103485
117637
119716
132119
122937
125840
127432
102422
124224
117941
113641
110145
116048
125963
119185
129933
128737
114237
101517
131874
118470
106976
129521
123732
123221
117763
123996
114390
130759
123655
119677
118314
118498
113585
107734
107868
118741
126077
106944
131568
113763
109365
112304
111897
105795
108739
110520
130604
100807
122692
106065
125267
121789
132701
117847
132742
121491
106962
122965
101559
106942
122452
104195
113997
116315
110747
112141
105428
131095
125621
105494
118259
121165
113566
102909
112542
109167
118032
115039
108428
124071
127900
128093
108524
126910
107770
131743
116564
106300
108702
102296
126458
131793
112267
130572
103206
103923
129132
113872
124647
103113
106721
118994
115718
126024
101655
114777
130616
111516
107675
115597
123031
126153
125808
122425
127059
104082
129631
116432
116645
125338
119182
114350
105733
103113
112980
114593
117405
126193
107852
107176
125437
130481
118184
107514
120848
113050
127688
125002
111951
119697
130828
124746
112180
105332
129766
122734
120818
110593
100147
112370
118115
100339
119243
126494
112706
104045
112726
100041
131738
102044
101730
132380
126078
101017
111539
126360
107003
104844
132058
123994
126283
129303
110602
119198
121163
130546
104998
110467
120880
126930
118814
124174
115317
122000
107132
119408
115223
108167
100666
127628
130565
119358
117463
112052
104914
120647
104874
129459
122286
129126
105333
115473
105108
124662
102205
105362
106181
112009
132441
113152
118388
122319
122314
120618
111811
122297
131274
119853
106734
110557
132519
103922
107462
107293
113618
113144
131426
120195
117299
100436
125713
120432
121024
116470
103826
111606
129102
119341
130952
128898
113831
106094
130088
120254
113884
100177
120373
103861
126429
102364
106286
127801
101190
129028
130758
131201
131708
117617
104084
117527
103417
118146
118284
116722
106212
124561
105134
117470
117477
128632
104573
101669
132151
110675
100019
100200
130559
123784
130227
107214
110300
120325
125759
132449
129983
103369
114155
130484
132349
120742
110801
119241
117154
127301
110215
128307
103689
117866
117326
125560
125609
130425
109196
119737
123954
128826
128893
128661
112089
118233
107045
112458
117999
109361
104329
118557
113849
120905
111646
115197
126332
131103
101250
120675
115159
102309
120938
105084
108117
120586
108764
107914
114499
118842
105118
113800
108735
110248
113646
129804
130322
105547
124019
104818
103744
116710
105076
101687
112605
108685
120904
100515
109089
105061
116237
105899
120639
112811
113565
100373
131571
104696
106174
123613
111706
117699
127385
117976
123399
116263
107886
114839
127059
104678
132485
107406
104692
104623
118376
118901
121554
121756
116047
106735
126230
110591
123868
113258
125059
127070
125960
107078
105225
121020
129118
122169
113047
114970
121959
105970
123954
123198
125285
116476
110660
131507
125763
115686
109878
114193
127437
130465
104256
113791
113181
126505
109696
130677
117845
104295
120906
110279
106900
123223
108736
102623
124450
107366
115362
128329
109550
122142
116583
120694
106811
123396
123276
100537
106390
130241
125740
101526
108299
118145
123601
100924
104856
124825
107146
128848
117474
127596
101693
122860
112679
119183
108095
126952
130164
104491
116514
106840
120088
117667
124878
111701
117336
113015
109779
119809
118884
124009
110590
101573
128138
117982
112427
128989
125610
104582
118105
114711
102122
122175
127492
123863
110506
103223
119471
120927
111547
127569
115392
127565
127179
114379
124304
112485
116260
117021
114371
130449
118679
107812
105685
129830
115890
121983
102902
109673
120890
106554
126744
111186
109525
114089
128326
102032
109574
121495
110903
123084
125022
113825
111907
100658
113649
106460
107733
119854
121352
123070
116738
103283
103189
130363
104153
116802
124396
110894
128219
115433
110895
111099
101869
121738
104714
118130
100779
108573
128289
126967
100608
119736
121543
120288
106995
129806
104305
125983
118212
111159
110442
107553
130360
104367
111816
114422
116529
104608
101022
119729
124289
117348
125043
103698
128000
130373
111091
105058
107997
126088
128741
110495
124209
110507
110429
127193
102618
119018
100403
111836
117894
109832
119731
101135
104206
131147
127638
118940
105222
115913
117042
106705
126354
116194
103661
107719
110458
101646
112119
132673
115841
101337
115001
100822
103667
108331
126600
103507
101758
100301
112415
106331
119106
119849
112716
123216
119339
112465
110185
109687
115583
121155
105486
117078
105139
109676
127365
118881
103043
111722
116862
116438
123970
109078
100356
131814
109422
106690
132272
105237
108423
102591
127261
124131
118817
125731
111259
116396
126777
105160
126504
123085
112069
104088
123292
119304
130702
125192
122147
105258
111426
119011
127216
124394
100293
122697
107312
111381
131017
112375
115261
111592
127646
118985
108309
119485
131403
125308
130058
110315
111325
130233
121787
102375
109311
127311
121922
103343
110283
121537
121519
105576
125920
128000
105142
115013
112053
112505
102052
116396
109869
112722
121751
123284
132715
106737
126447
117298
123111
129727
111104
123348
124353
107307
115977
126989
106582
102897
111210
113426
115986
119964
102673
130916
121477
123721
103734
101039
129208
111279
125512
130546
103105
108380
125223
129761
130709
118337
130707
114824
110366
130673
120293
129840
119949
116774
105468
117638
120562
120069
126587
116986
122633
105891
117554
131942
123223
104519
103385
116720
122742
115954
129540
109873
119726
113308
124755
109207
129733
104897
112105
114439
126999
100380
118048
125639
118761
104883
128635
131228
119802
117523
130781
102959
106075
127197
129016
129973
108161
114817
110087
119503
130201
120394
107968
113839
120603
122011
112260
126845
106146
112760
103642
123641
125947
122695
123163
128097
109691
113112
101999
131477
123030
112804
112119
114553
108718
130386
109132
118683
103465
114048
122665
121110
124614
115391
129380
108726
116785
109535
105251
105564
102869
119662
114764
122276
110321
130939
114493
110534
115438
114335
115134
119994
100848
103999
117299
118176
108459
124427
104727
129630
120952
107722
100005
121995
112807
121434
107736
131468
103959
129778
114070
120828
131077
100267
131368
128082
100642
104511
129262
100541
126952
111120
102993
103507
106797
102508
120312
101739
116985
115215
106303
101191
124309
114665
124901
111351
102628
123170
130052
125817
127990
118876
109127
105765
104667
124472
115799
131145
102069
101659
131990
114448
103441
102962
108048
126632
113528
100275
120751
107427
114240
105574
113582
107934
127400
101477
109135
132641
102949
102176
128721
106183
121078
124579
119196
113311
102398
128028
105152
126673
104403
128407
112797
124549
103443
119053
116451
108032
111095
102557
111038
100624
113962
128025
102730
131243
128731
113604
121165
119763
123665
102490
110885
124860
131134
109649
100351
119601
105752
109151
112970
114996
114852
105788
120172
124645
120979
119977
123571
102565
106962
127921
109198
100986
130909
113711
124669
124853
111444
111504
123974
126419
110160
132314
125674
108194
125175
115693
132567
122277
129998
128522
129247
101560
125263
131985
129897
130039
118332
128783
101222
104669
126002
109943
126087
116905
115329
121776
108461
113158
108859
101712
106146
129514
107147
131240
100358
118719
120392
132096
124812
107713
125898
112675
120422
129703
112125
121887
110589
112005
124339
132678
128742
113905
112191
126584
132625
112741
116799
109989
123460
125668
106169
104077
114632
127456
127594
101322
102499
125788
118618
128785
109958
116558
110772
116149
127686
116807
102101
101996
122000
128853
103331
115798
130841
102185
125216
105275
125333
107125
120383
131349
117161
131480
105974
118990
123682
107389
119956
107082
110567
103872
106325
121768
113708
112659
102963
124869
103145
116449
106496
112130
118411
129329
118962
124744
106985
112076
111102
117833
126329
107426
112168
104712
111812
104810
128281
127387
100375
110729
132018
111663
112252
130869
120160
107598
121832
114138
121840
121693
106422
121788
121253
107113
112468
116447
104840
104739
131389
125732
131584
118312
117799
109748
112034
109702
106109
123297
112202
123516
102927
102091
114283
107906
104457
125953
115875
128905
112929
127849
122259
119172
108053
131106
126957
120615
109653
114727
126670
129007
123644
130423
101967
106850
107525
131699
108119
124568
107964
105863
112563
114938
116850
100364
116584
118346
126069
111725
132167
110564
123968
116617
125635
126787
120558
115033
121600
101318
108277
104659
120108
103860
110864
118542
118802
129663
128893
114086
122348
124485
101737
107618
103289
122524
120489
113172
124240
129679
126890
115905
126836
121828
119211
130306
121640
118177
100137
114858
120581
109518
132251
121001
120137
129147
129376
120369
132210
115205
109814
117527
112140
114326
113772
123259
108487
114923
117786
104107
123596
125530
131471
105797
107857
114195
121291
109212
100971
129446
110511
111453
123940
120517
100017
121715
129998
105035
126420
105767
109719
103550
102104
125836
101469
128657
114093
119834
104131
106862
105518
123801
102020
119218
108044
119361
100615
118008
112904
113439
120884
128090
126310
123578
116359
122933
119454
119031
121186
125229
123988
115258
101800
115313
117642
111566
115335
100672
114709
102279
116373
126381
106061
113317
113439
120991
132361
101372
115133
111387
102347
126290
108586
111302
131383
109577
132691
118693
127434
113918
131758
116520
120520
128944
110797
118887
128374
101541
114227
124331
104074
113417
123238
116528
101856
100761
114502
105257
125550
100031
113308
118533
123514
119806
123382
105969
118794
131217
126899
123038
119197
128847
102490
100932
123672
132050
123696
128743
131843
111320
125193
126681
112629
102889
120158
131968
100941
102971
128416
108889
116259
103122
107212
111421
104831
120299
127296
103139
123592
124315
103117
131751
115583
109492
106253
130185
117549
114920
112118
107129
118425
112433
110768
130002
114495
123760
119972
109604
104190
125524
113878
100150
109585
103549
126324
108107
131392
110049
116143
123557
124503
128111
115657
121160
130264
121331
118639
121856
128237
105786
130634
127909
104096
130678
100049
120734
125774
103139
120161
130724
105305
129963
128911
109768
119838
132104
119229
107192
117287
125608
119531
119358
109473
121429
105168
113673
104208
120277
116265
121520
125505
105231
120146
114420
130432
115056
123155
115014
106252
104333
102844
126089
123592
132106
101492
132632
105011
126394
117454
120587
100506
126727
102557
105142
108429
120981
128010
112243
102287
116514
109539
106146
121105
118961
104502
101613
100770
101607
112927
125905
123232
130229
100318
105305
105650
103735
124460
127789
130617
127452
104400
107980
111875
127432
129645
125206
127746
115830
126878
100365
116669
108962
109892
115164
103238
125030
124959
104985
107884
115107
101532
130631
122161
123298
129518
124063
121983
103675
127840
116752
107542
115894
113642
107908
109513
130481
102402
122469
117482
100161
127412
107615
132355
118044
129781
119400
102086
106615
109109
120574
106311
103531
122163
103344
123241
129437
126485
120288
104854
113950
108216
117959
119732
110224
130629
106682
109908
127371
120069
102315
102444
106047
107126
111346
127175
120154
117150
119374
124283
117548
100255
124966
108956
101896
110732
113429
123119
101358
110203
110758
110433
105320
128731
114012
129273
101298
125448
103926
122380
131101
119069
132592
116656
105141
126474
102221
104562
113186
119270
112532
120140
118476
126342
108057
121553
101187
102478
128893
127659
127965
117063
125560
122183
102817
122482
117206
107471
117859
118364
112576
116313
110641
102387
114237
105054
106990
132248
116985
126317
116541
118901
126020
114720
107937
101649
105821
109904
113890
100897
114673
119173
106674
102562
109791
116400
120208
121892
103998
100381
128237
114281
126113
119459
121997
106798
108953
120094
126257
121417
107388
115999
105587
132596
118373
109537
122353
121705
102012
130943
108461
110511
130936
121957
103860
105139
120162
127748
127230
127642
113307
130507
105878
102742
118560
119634
111610
104567
109837
125144
117189
108356
104032
121071
109963
112395
110592
115318
104965
102837
126462
103368
107630
104093
103706
103987
125484
115107
128393
118188
115123
108668
115445
131264
127655
123468
110022
130254
112960
101750
106912
125556
104691
124850
118060
116295
115279
109665
120604
119239
102437
109854
124009
102546
122859
120982
119775
107991
117090
107417
119516
108046
129399
100465
110421
110822
111719
102514
101145
124799
115495
105426
119898
103130
118787
121787
108393
102030
128645
111263
130497
117692
101016
126668
118343
131140
121581
103232
131792
120377
127646
107198
124644
110483
106002
106785
127938
119332
112416
114417
105891
102350
130167
123700
132675
114418
129085
100230
112798
104235
113142
105068
119287
116285
124840
121830
113695
119112
125500
124995
122100
104002
112936
124217
122664
131491
100683
132405
129092
117858
123672
120048
118764
120353
123895
100163
126052
126885
110312
111420
116819
108936
118890
112753
128455
129842
104859
114068
127610
120325
112288
130376
102740
129240
132167
120115
105776
104359
125163
117589
104675
109448
111769
130456
114810
130785
117872
110504
110532
117209
107854
125700
119313
127756
119209
124246
130872
116867
108218
106752
125407
115939
113889
130039
115446
111844
118597
106708
112261
119045
114363
101928
107944
106367
113641
108560
115159
111223
122027
100362
126315
104055
106677
130823
132446
132383
108922
130498
129107
110616
108877
120655
118486
112714
118214
102903
100580
107855
108904
113219
128174
127271
123008
126039
123546
130093
105808
100225
121483
130377
102253
114706
112226
115304
129638
131949
116165
120105
104358
123485
122655
120793
118684
128428
131559
110242
101913
127217
126502
116991
112121
120745
120115
106355
129029
100489
100289
113019
102680
103187
115996
118721
111489
101224
102320
122514
106409
118877
109259
113810
110582
128976
107940
100783
121838
120125
104347
100947
128672
118412
127426
115422
109631
127789
100765
124755
131857
100711
114982
127825
123783
132589
126996
130630
125870
106931
127581
106463
102854
131583
131066
129219
121391
108227
111082
111488
107661
103210
120953
102853
119844
124017
100034
121299
120708
117496
128883
112686
119659
104857
110288
125336
128231
122680
130555
115007
110267
114331
117618
122678
124420
129148
115929
109346
119324
121821
122362
124726
103359
102556
114954
126817
116588
127047
103469
129221
104206
123185
112701
124268
102108
124870
124103
131126
113022
123419
116055
111894
116593
106954
130038
104830
116140
120828
109808
121112
108420
100295
128987
121527
108493
127675
131540
110989
116034
111543
128268
110238
122407
130049
104836
108148
110380
108182
125716
114453
113045
103871
118962
121394
119960
102117
121073
126881
126470
100518
106440
125966
114222
106281
115093
124909
127743
107182
130913
117426
104044
128105
129126
110149
111637
107920
105678
104112
131619
101555
114110
119323
102771
116044
122515
103675
116984
118167
109420
108166
110682
112291
112872
110954
118243
105129
127281
101566
105372
118174
119353
102713
120755
130052
123203
118434
111648
109573
128934
112007
108936
120002
117965
100658
127330
131049
123267
110041
125784
108933
110701
108309
127472
119323
116696
121493
123499
128754
110774
125716
121838
124082
116450
114568
129503
104497
124588
101021
101778
106889
103313
124513
105253
114030
130122
120897
105896
104638
131081
119092
120449
127578
104703
130614
109583
102197
118817
130296
121742
111786
106028
116950
131643
105747
122342
128009
115128
105111
111527
131358
132017
121923
101913
127142
106688
100700
107580
120624
126606
108276
103597
102260
129340
129980
100903
122065
125953
124441
100682
102906
126228
120954
117659
102380
127180
126952
117709
110883
116741
121055
124735
128269
126407
128604
112837
131007
120866
130871
102571
115175
118876
132531
110071
122113
104015
105812
105711
104398
119564
103152
122587
128770
106180
125705
114444
118333
105961
105050
129309
122173
129424
109744
103545
118098
112410
118267
104733
107282
111379
125349
131488
129101
115546
119842
102000
102980
115842
111305
122462
108565
104057
103906
127069
126330
117863
129280
127622
112051
103385
105873
131680
115393
104223
127923
115295
103637
122610
132425
125098
118280
128859
104270
109345
130636
121808
128362
109727
125859
126623
105411
118652
109199
130960
111382
102743
105161
107973
103174
119826
105525
127206
114356
112669
102422
111995
102287
125944
129663
129177
131694
103667
120842
114369
121564
111929
129995
115205
102578
111372
100743
119660
113644
124242
122914
125848
127669
117073
100439
110246
118212
116151
129964
124758
100075
106205
120740
114028
124397
131148
119094
109398
126865
114561
130174
128782
101108
113645
113843
111170
102691
131136
127065
132531
129769
100583
110007
117723
106726
119763
107404
114386
115169
105853
127486
114034
115552
126759
102355
125882
122997
123492
102371
111216
113370
114138
121549
123402
131648
118599
110826
130255
108005
108226
100479
126010
115813
104260
105527
107935
118226
106598
114128
131600
101382
107884
114964
118146
132408
103811
103179
119084
126158
125255
119151
122160
104050
104840
128608
103805
106344
127822
126041
132596
115231
126234
106083
115146
100358
123247
120968
102957
118176
119441
101515
129066
117979
105357
118486
132558
106910
111225
106420
119435
130209
122877
120000
102110
129153
102419
112286
129839
115988
106506
108264
116217
105722
118225
123499
103722
113012
109682
111508
114381
112761
115165
108837
128230
108807
111079
107820
125085
111032
105106
120886
108703
132501
132495
130240
114370
105262
103169
124654
119016
121323
115076
113792
117029
111005
128878
125185
117028
118872
110933
107073
126150
125573
129489
102662
106509
117043
102018
127487
101433
103086
120405
115449
122928
131411
101636
118869
129059
130210
116700
112314
108655
116885
112579
109831
110529
114480
117881
109196
103550
116826
105758
114041
127330
132075
113141
107926
128359
121350
117607
100149
105192
124329
107083
117350
121350
126338
105828
129641
121419
122629
100395
113001
124813
131003
120527
105575
110101
116957
123771
131956
131585
106785
102615
115235
112103
125140
128465
109630
115899
101417
128669
121528
119539
102353
126714
113891
117480
117707
119224
117219
104576
116862
123255
124515
116746
127493
124593
119430
101481
103882
100091
111648
127093
122454
106887
102695
112542
115047
120046
118372
111059
103491
102956
132718
100002
113229
123116
117977
113568
106966
112903
111019
129547
131893
103751
104719
120750
103962
107376
113486
108293
110879
112001
123130
103074
100256
120887
110445
100303
129485
111315
104818
111733
109309
103453
116801
105532
119366
118953
102577
100596
129354
120409
116905
121396
105811
104739
102615
129088
124579
113940
124581
126512
125445
106901
103017
126799
108712
111086
116188
117698
115245
106248
130766
104554
101631
124535
131608
101899
100579
117431
131793
123821
122832
106678
117189
108610
125184
104083
127266
122762
123463
120742
100469
124468
119716
111040
111829
123206
119062
106420
106846
113854
102064
122134
119778
130425
129776
124738
113114
125525
119629
102304
131491
118931
124687
131879
103399
124799
130147
125728
115033
104274
101295
101165
129189
108375
116003
131209
104614
104269
103569
132753
111322
108557
104318
124036
119316
120684
113017
125063
104817
119651
125611
103404
118669
108653
107696
122035
109047
110385
111013
108625
126178
130401
125314
123825
111389
122338
121258
121977
127557
103469
101057
114574
102201
126709
121022
123098
104142
126474
102721
110669
126660
130941
117798
131105
103161
104453
111194
131171
111325
109217
108269
103343
115494
115583
132713
123195
120773
117277
127075
116758
121368
110254
118607
104370
126817
100031
103065
111009
107383
122138
118513
129180
109499
112874
112870
110793
120398
106529
110006
111934
129409
104727
114276
108225
128909
126835
127244
128977
109189
114767
109684
129515
117896
102807
131555
118790
110651
129202
117046
125536
122230
103525
115504
126844
124478
122356
112146
112235
100340
103818
112747
112204
126155
118234
106034
102159
106880
121607
113682
102270
103237
108737
128261
121981
109054
113586
116260
105872
119471
123416
115902
119455
101941
120755
115367
112374
120885
123105
101586
120208
129619
106760
129058
111253
106404
110644
110718
110113
113765
111617
130596
132167
105965
131004
128319
101974
112352
131013
115643
108890
129958
128055
102744
124390
123675
114379
108029
124177
122760
116730
117328
100031
123859
114530
104067
118050
116978
113515
107376
104832
108453
130090
119273
108086
129637
120198
105545
123389
105367
132249
108111
102508
128006
128089
130861
119742
126352
111991
117211
132054
130592
109959
114609
128640
122588
115042
114997
105722
115615
130760
125234
105139
108201
100682
120330
112978
130197
118375
105804
122362
124044
115958
105865
123852
108729
113604
107108
130990
107260
129917
102121
102731
121315
114640
131616
132443
125398
117710
109025
109861
102033
105875
112617
110402
123096
132393
109870
128419
105573
107177
126832
113878
131622
102307
122129
108676
109221
112576
119590
131391
122056
107686
121294
130938
113850
114972
125635
116697
124713
120687
132654
130220
117938
118548
100800
100534
123289
126350
130558
100146
128446
106131
118236
126232
116940
100202
105614
120732
110260
125335
109979
107511
120922
104634
103219
111723
103565
100277
104130
132737
105789
110861
102341
130710
115944
122515
105693
101525
104534
103491
127777
101894
116870
107116
112569
102728
127208
107281
104361
122394
101837
124559
102890
124769
112411
103297
108479
100901
127813
130529
124742
114140
112250
129392
132173
104939
123421
109399
127848
119914
120950
106254
113472
106023
129191
107133
127022
131054
104161
109921
101897
105736
115927
120818
107580
130818
130675
107715
100379
118448
102088
106985
131447
106096
115017
107871
107887
108979
111416
108713
119690
110010
121185
100280
100611
114590
101895
108302
130660
115603
113439
116002
115542
125293
128188
129798
117944
119396
104395
110663
108782
115732
114944
132629
118396
101576
110608
130467
112851
130295
125729
122321
116586
104975
112254
105481
103185
126578
111760
117862
109955
105150
115210
122140
130874
101458
123491
106772
112519
130318
118921
126422
131809
106585
100308
118956
129918
106857
121144
106244
100384
120511
123072
124439
105778
118512
126775
130504
103443
105131
113704
115407
101554
129016
128010
113686
101723
115390
128692
110435
120016
118408
121367
125240
103068
101768
132395
113656
129444
108765
128810
129610
123135
126481
102141
127170
124679
112102
124659
107199
117424
108626
104633
118415
126745
131528
130439
130266
114017
114105
114327
106301
121020
117339
117211
131637
121030
108969
130799
103999
130583
107435
108621
119869
103703
126455
103616
114972
129811
126072
124187
119988
129425
126830
123434
116719
125921
103094
126697
101934
123637
107084
125684
130536
113523
108558
104767
126100
121351
100034
122631
115146
131582
116315
126728
116133
129553
128376
111857
110187
127870
115758
103701
110960
124766
113671
119907
105271
122418
112970
113816
111323
120255
100733
118963
126125
112924
119593
107945
110623
106249
109277
111451
111841
115330
129397
111045
113481
125332
104348
120440
107512
110192
115344
132682
109243
122558
118310
118604
116911
124211
112653
114428
131497
127334
131158
125116
106708
119263
125748
110723
108700
111729
102401
110035
129483
114891
121218
113387
128498
115017
121708
132157
106763
118288
106791
109602
132700
110169
121297
120525
124063
123917
132486
111229
124255
103827
100319
118775
123813
117221
115640
122676
132564
109290
107575
107607
110290
115200
112394
112866
100968
123607
113647
126248
112876
112774
118138
122374
122397
108760
100115
103118
104270
131559
117822
112516
105671
108013
103711
116557
103016
108886
123965
113444
117647
104218
117126
102607
132668
118601
104083
114193
123251
111592
108590
123938
103138
104443
125201
120668
106436
107747
127473
118583
105733
109034
125627
119415
113319
100893
102686
111524
106084
113754
100425
111035
119189
102825
120310
102691
116306
112079
110759
114914
112603
106017
131887
122897
125494
121495
117109
112525
101658
130337
109173
130032
116236
101182
127879
125888
107976
110026
121060
105958
101602
103191
106342
103521
115629
112448
103311
124731
117084
100026
127437
105404
106087
102188
107516
130015
101937
111233
129069
131586
113639
102459
111782
109793
128683
104714
109866
118725
104690
131229
114042
111353
128810
131512
118043
104574
106913
108679
114778
129279
130466
104242
129678
101639
129505
129201
120221
128626
123416
103906
111297
106018
103923
114904
100492
104947
108330
100982
102954
110320
107244
128573
132071
115655
100996
106595
125168
120698
114487
100901
101982
118872
124267
131166
106352
112428
131855
118871
120600
111284
122166
114401
125626
120660
121093
128417
102960
106252
123856
121516
119057
105896
108160
132692
124211
116022
100408
117569
130670
118461
115768
132291
107427
105260
104193
106342
125181
106641
116409
102343
121719
112523
101074
109479
116127
122114
104167
104766
111001
113685
117990
116945
117862
103508
121460
109703
101991
118832
116109
107129
118044
122799
109675
115976
105010
109413
113834
103795
103357
111519
107945
111785
100802
110561
100915
106075
105720
115347
111967
105046
113359
103671
104116
120848
105138
126814
117137
125056
106633
106908
109516
100915
116867
118713
116634
129949
131090
128745
103599
116653
102455
114366
119974
114852
130303
125597
102050
105766
130638
130927
126518
125841
128475
127384
100738
118671
132732
126765
119455
114151
110756
105057
112702
109209
104489
116801
113035
122153
120651
104354
127320
122683
131827
128087
121975
112992
115768
121511
122727
127536
109351
126718
118580
131993
106180
114146
131480
113270
101964
112681
108646
111715
116669
114537
130088
126928
104344
120497
129543
107093
103910
117622
112876
117061
115833
125648
104933
108678
123508
104167
120778
109472
104718
118951
113184
122131
124306
100796
126781
124910
124074
119482
119213
120733
123614
113051
105685
100867
120408
126063
120022
100297
108010
128079
124341
112373
123218
105619
114104
105406
118460
121413
124691
105374
127368
116693
124099
128682
126542
100621
120507
125727
127007
109384
108862
112445
127758
120287
119692
126296
104431
122597
125376
118316
124255
104468
132601
105841
104965
124934
117944
107695
128023
132009
102537
120916
102943
121837
121062
119556
119039
103359
118872
105264
117554
102971
122335
124650
122198
132381
126356
119287
119783
124793
109709
113190
108110
123053
113665
112097
123674
102291
106412
121090
110989
103931
125813
113640
101466
129112
128079
129225
104877
107961
100445
103241
115820
113659
127577
130636
129724
121917
117814
111625
112072
107413
124164
103521
110270
105473
114197
130414
124185
113057
123742
119390
121382
112675
107295
124034
107969
126078
125127
127650
116832
122595
114450
111252
122452
114928
114036
104716
104523
103464
124090
119734
105752
103584
110319
108930
112823
113658
120444
111936
130187
127127
104596
110188
111851
111881
128719
111691
120797
125895
113685
118583
119073
131877
116926
105526
118642
105859
125431
120530
128776
100804
114792
111909
105825
106498
129556
117300
127553
120447
123776
123518
113144
107231
103447
102100
130275
129941
113101
119146
118837
101788
116739
106799
105463
129639
101802
112474
131662
111130
128684
121669
117757
114170
130183
106623
130602
102178
100923
117533
130405
107897
120679
118352
123366
107232
130735
104765
123158
106160
119648
108040
127058
118115
113239
130866
132331
118929
100895
110374
103793
115487
112217
118286
114737
120243
117345
106987
113404
102250
128814
132325
127018
100046
112762
132575
126175
108290
120099
128847
132237
120128
114386
122957
118202
100998
103642
132074
121860
112011
118371
127682
121698
129272
118727
121557
127148
104917
126780
100754
131934
111169
109748
119861
119961
130151
106753
121427
100202
117165
124989
120499
130639
129582
101225
127584
111095
100459
109908
118268
124234
130365
130750
111959
121513
122895
114110
110913
126583
128841
115809
125852
113368
126223
125588
104885
108728
109612
114500
123092
102928
100681
122051
125201
121188
101475
121966
103018
105105
126588
109965
131091
121029
106384
119674
126477
118223
125130
118534
132346
114329
130808
112408
106544
129266
104765
115863
113164
122513
122885
120202
127624
106839
116798
109438
123920
103637
110278
125224
113298
112910
116767
103244
114901
123518
112746
104670
120843
107355
124819
108134
101801
121370
124361
116905
115574
100661
128049
107141
105954
121900
132571
113181
109722
130506
118005
106806
131417
107433
108606
130273
108801
127736
132286
110683
113386
107132
100277
110385
127610
130517
103633
113319
100086
110083
132259
101979
112023
125736
106324
114726
111073
129935
110484
120643
127024
107502
115156
122547
130708
126184
123829
128735
122846
123350
128960
109184
105723
109767
127319
101052
131201
111557
101611
120465
110728
105307
120944
110967
105147
119380
106510
109889
124591
101060
103194
109381
123507
115789
111940
121020
105832
117659
126994
117356
107858
119601
120973
129924
104880
100712
130362
111559
100681
118708
118859
104684
118280
128810
131607
126789
121609
108095
122824
118176
110836
117715
100947
116843
126090
115566
104878
120859
107389
102089
131133
130766
131973
116880
115341
127278
124848
111718
120644
116377
120826
102442
115544
128128
108317
100984
116352
104717
107178
131699
109544
121097
100697
128194
103209
120060
113565
113113
116088
129430
121468
129402
125725
110413
116894
128891
111912
109896
115108
105929
118623
127868
129979
124845
110202
110613
100208
102990
102035
103447
123334
112248
112088
121669
126085
110491
118659
101186
114902
128023
127756
110070
102413
115382
109468
101171
100038
117114
103366
107928
124467
108954
121202
130742
116660
130247
114201
124530
114344
114611
124728
121258
117892
116180
103166
111644
121634
105062
132424
113027
110939
127663
114896
113154
103895
103814
123041
120262
103460
121878
107983
107496
104454
110560
101732
114832
119566
109055
131741
132704
106606
112560
131415
128784
121612
124945
113860
104277
121301
116521
106082
115208
132692
125481
110894
112260
115075
102641
118037
124496
101089
131286
104107
116222
105924
130211
108319
107858
129265
130525
127087
119463
132202
103244
111064
101775
117127
100534
102545
101562
127304
113646
108728
105241
130282
115470
109197
102466
126136
116736
120798
108567
117028
113987
128450
130466
115222
118763
132746
109892
120964
113386
122869
123407
116291
122767
127395
119408
104477
116556
118732
126993
110115
127676
120370
118525
104004
104932
128852
100358
128287
115130
101349
105060
127254
117475
112252
102558
119716
122305
110477
126126
120048
120749
101784
106336
116130
105857
122272
102139
101109
128858
106463
127267
106765
121244
130232
130046
104332
114486
116205
111254
113760
129319
104466
118910
125150
104257
110658
104633
107797
118316
117264
101335
103772
130735
104896
117089
124462
115243
112312
106615
109112
106600
100913
103352
122543
119444
103986
119906
100839
112521
108735
129210
108578
122191
118606
127407
121510
115682
106106
132026
101650
113973
107003
116488
132337
102006
100566
127707
102288
112276
123345
129070
115213
130559
130090
110488
130993
111535
114824
106098
113279
113511
103986
104252
107021
119099
108671
112957
111763
108112
106638
103274
124482
113379
108342
126601
119511
104844
115520
131734
109935
120772
124884
105318
123549
130982
116530
127114
106682
116466
114083
111734
113276
112471
125102
106211
104394
109554
114318
128625
108751
116754
113124
122257
102222
117566
126378
124578
127541
124537
103784
111450
110452
128708
128426
107368
122895
116965
106673
120407
123506
117351
127849
132278
122630
117730
122523
128118
129793
112764
118884
101523
109954
124592
119270
117751
125661
124494
109885
108443
105011
126915
110516
103407
100679
120987
121913
114044
119436
110916
107023
111815
125315
126997
125891
102777
115011
118158
105057
118974
115033
112098
114919
127723
130259
127922
111610
105571
122776
129052
115160
114107
116219
123892
108174
100124
111247
112209
102507
109289
103996
115788
116916
111522
122514
122372
119961
127241
114270
115942
107112
114819
124027
120619
104193
111808
103659
103585
102282
123038
120870
123055
109412
117067
111794
107923
127581
115626
108276
113903
109351
114937
117574
115076
128521
118448
126538
110141
131028
118188
128893
126575
123161
107660
123407
115551
130457
127324
112626
107269
129021
130673
115505
128015
101831
130707
125315
117545
126857
119906
124448
101756
125268
125170
120275
105588
126836
120249
117072
126663
123738
124331
119241
113331
107738
111011
113596
103815
115607
121861
125967
109668
124091
110497
103262
129605
110827
107995
109460
106301
122490
104457
127928
113920
109532
106525
122378
130213
122462
126084
107599
106922
104725
101198
128617
118329
106516
127118
128810
122025
121826
113668
129898
127560
110892
131577
114519
110424
131254
105323
132621
106583
123799
115050
120679
119940
128934
128962
118804
114078
118832
101082
112621
113903
122604
107740
119429
131465
125232
114198
105986
105424
122212
126113
128044
125496
105656
120640
115140
115536
101650
118666
116759
131328
100170
120652
105683
119054
128410
103721
121880
126695
112208
130179
114898
109213
104134
109727
104263
123180
129684
117507
114156
117249
131844
122147
108669
114109
117447
124221
104780
121398
100838
116354
132314
108478
112123
111734
119716
107433
127648
111001
128575
119817
124456
123207
130983
116924
116365
110813
113109
109993
111274
105501
125071
119366
109482
102612
110212
117342
115393
112057
116888
101393
118554
104601
103293
110364
114704
100273
102275
110938
122784
105052
120497
124043
104734
109806
112916
125269
104488
119775
127831
121736
119769
100908
111508
103334
121406
106234
122986
106915
126990
108156
120400
124137
120981
127512
102184
124319
121330
119749
124952
119595
119170
110776
129429
117749
126108
108351
112064
119406
121215
117741
114934
103250
132232
115191
112802
123178
112041
111326
121942
100628
107030
125262
118043
124102
116289
103239
120581
118225
105481
126842
129290
120355
131374
125430
106259
125392
123401
125955
115284
114194
130170
123726
123865
110990
118561
115783
103778
131544
100561
101320
132209
129594
101441
132087
113569
130993
121861
118893
101945
106041
131773
132504
123393
129866
117645
118621
117589
119203
122573
125698
110455
121414
104193
129100
123178
116420
107019
124388
125820
110778
115359
130303
130787
107164
116216
118846
111755
105905
131529
102867
105455
115039
126583
103654
116391
128937
110981
130615
116352
117494
109648
124932
119250
117012
123644
130349
131598
104316
118702
118678
123031
105688
128507
126413
112083
123842
117409
130029
118401
105167
115573
119746
109389
120268
107421
127021
118433
128071
120831
108490
105663
119122
129017
129745
131597
106627
114259
129082
119727
105535
102002
130597
106075
125240
121294
121208
120681
119605
129446
100554
107562
116498
119026
108160
109435
110087
117401
114229
107930
101933
100324
102752
106040
103485
119602
102192
105679
125595
109294
132027
108341
131476
129215
115288
119410
109796
116990
118601
120271
113276
104045
117918
119855
124546
130598
110165
118690
118936
126929
129478
129848
120417
110106
103487
122643
128833
111459
124139
131776
107877
118453
118264
102856
108548
101629
114936
110209
127716
115317
127624
124714
104223
116832
127280
131383
110887
115450
107403
102122
129032
132015
127400
131875
119277
121739
105903
112505
102886
127474
102344
104585
115432
127889
104760
126094
107542
109972
127693
124979
113214
125209
129661
132517
105127
105189
128074
119275
119562
113494
119401
107642
103134
121497
116898
128260
129496
115997
110330
115602
110515
117832
128912
116434
108845
100200
113605
119986
114258
106732
107679
112941
128508
132052
111216
126821
109211
130406
108466
127219
126002
108323
105270
102267
115618
109817
128382
101507
113451
115642
122215
123781
118832
123853
120842
129602
111162
105508
106469
109402
127808
102765
128822
122650
101670
130445
129448
108181
123011
115530
110897
101622
102567
125511
127547
103188
123101
104246
115458
100679
128749
119881
119357
113531
108261
114153
114944
107394
109593
124843
115681
103855
127849
101760
122714
105376
121538
124204
115566
127323
100840
107513
101007
120989
116850
101548
122816
112238
128278
104888
118775
110329
131622
104370
117445
111515
105307
115717
103992
112442
121042
115687
113153
130264
107348
100235
107986
111719
110042
126360
104202
121311
108624
113371
131476
101007
102298
113208
131084
115888
114389
104679
102180
116032
107999
119517
104519
129038
117017
115591
102268
110097
126571
110270
108684
101885
105353
120312
124775
127768
117109
126395
102340
110154
127302
100184
112648
122228
120359
115413
131945
118019
110754
122155
116563
104389
106271
126642
106506
129275
130983
126425
112786
132271
104174
117274
117196
113224
108689
111405
103649
107867
124060
123004
122083
131268
118351
126168
107442
102390
131106
105066
110109
107151
127238
103148
103242
128560
106222
129049
121688
125579
115342
120929
127298
113597
127074
121826
125959
112351
117491
114068
127752
105687
109142
124099
115121
108404
122101
111299
101979
124091
124306
121055
120945
121979
121480
117394
123346
111656
117332
106490
120695
115941
117077
130185
126294
120803
101584
118270
127366
130282
112439
128915
105123
110389
113067
114040
103796
113795
126655
132225
103883
107115
119423
113180
126637
120304
129969
129157
128435
108885
113242
113469
112048
115763
130948
112568
111764
123336
127551
110165
118929
117138
120294
116628
129148
112156
107939
119172
115573
106009
100661
127354
109514
103343
100081
105992
127257
110101
104199
128301
124341
110944
130055
115402
109387
125082
132260
117589
107206
124437
105143
110289
103279
105982
115591
129022
118105
102197
128327
109517
117500
126556
124384
126230
103968
100143
112369
100493
127997
116755
107284
130291
105632
109553
102500
119689
131472
128580
109628
122058
124850
128369
128065
107865
120938
114520
118946
112441
110083
105512
107422
129852
114513
103287
127559
118462
126612
118674
100998
106898
106400
117521
117344
110653
121147
130223
126071
110178
103879
128345
130516
128382
100129
107653
123107
101334
119240
112325
131519
104365
131906
115356
106416
103097
116667
112528
118771
119256
107248
115584
105913
111872
110667
107064
125809
103284
110159
101187
129354
112702
121143
111104
111860
131801
121050
101369
112295
131118
116178
119151
102247
102338
100829
126010
117894
125229
106371
116944
119914
103886
128250
114083
131217
111293
128582
130224
104657
102145
131748
115540
103397
129539
119081
113762
114981
120387
100519
116852
114581
115786
102096
106622
124449
129504
119454
100009
131367
104830
103922
129374
100662
105990
129659
105632
112406
110258
120281
118176
104712
126794
102658
103563
101710
106651
104165
125095
116206
107812
104014
129694
113076
114194
105226
129306
108150
103535
115275
131985
100507
123542
101966
114531
109534
119274
105786
115490
112976
123079
116556
117808
124572
124089
124977
127632
109199
130284
120755
118518
105176
100580
120216
116512
120588
128878
126151
128105
107757
131543
102829
120988
106987
108379
131039
120070
110059
130272
105217
104399
127816
107749
120550
127882
110615
132021
125688
120074
107696
132064
120027
117623
117610
130795
126541
120482
114085
106055
105041
126870
125454
116864
118156
130928
131102
126647
128495
112752
111844
118354
132502
132431
115973
129778
107760
131795
120833
115877
118817
112546
108727
118366
123812
130644
104236
125090
121909
120267
100232
132227
118254
101319
111201
119506
120496
128437
117308
123793
102340
109512
105041
121255
115394
129611
131727
100055
124338
130358
128224
132083
107122
104959
120750
104781
126296
117682
127398
101231
126743
128324
115388
106508
116199
110117
126575
126774
123360
113940
105294
120016
131239
111927
125883
104007
101453
125291
127983
102525
123252
109017
119102
131590
114868
131018
116380
116119
126781
121788
131681
102587
117437
125364
127305
101064
119940
131031
115391
118802
128998
121652
131675
111966
102368
106213
125609
122778
126975
117078
120108
132043
128126
103396
125858
123718
122286
127146
130698
120867
129691
105111
107748
132591
124653
125892
100664
131745
122892
126469
100313
101327
128392
121279
131691
105506
104631
128761
101539
128264
118688
103605
120398
127144
102167
100992
128661
110619
131114
129096
130175
129497
111804
112750
125111
121969
102256
112668
128144
125310
123593
109017
117318
105686
101263
116314
103047
115716
100980
102299
129841
129529
123127
117295
105310
101118
112009
106709
120990
120045
131822
108107
110979
128929
120551
108903
102755
125355
123918
102243
102745
116038
125697
108665
117389
123278
114370
111279
105909
101356
125022
130805
103388
128469
110029
126061
113762
109236
131098
110090
109637
107044
103620
101980
131742
115299
110179
107946
104047
124675
120974
112194
111003
114659
105213
107277
130358
105566
124907
111718
131839
128706
117182
106284
124971
119812
103402
131606
116069
117682
105235
118087
114706
117800
112754
116771
116953
126727
105593
108896
107363
127459
111802
128352
105311
108348
108805
104126
101066
127920
111568
124199
103789
109422
121308
101995
114087
123886
115990
103891
112236
101856
116412
122294
104078
125794
115904
126791
119099
112245
104049
128177
104392
101298
103512
104806
100524
126265
122720
115891
118736
127467
107323
123545
105478
128217
120832
110296
101846
121083
116505
112204
131969
111910
120668
131708
124480
130104
124024
107377
122061
128406
107923
101316
100132
104920
124721
127739
108427
108482
105560
111126
122064
132470
101106
118372
119250
115177
104306
108187
132674
117396
127930
128552
103595
108908
111932
107204
104880
122643
104032
100424
106646
109904
124710
112322
112898
124349
127245
120520
104963
102591
119347
108556
128594
131259
103357
118321
124377
107911
130937
122845
100467
111647
129218
125968
116211
128666
122021
125364
118631
120924
109890
116085
116126
131724
101492
131538
108775
105673
117172
105844
128540
132632
100154
111551
103647
104993
113254
101288
129828
120476
101215
100550
109040
128262
120826
111275
124767
117912
122333
116340
121324
102521
118756
132767
125165
114227
121539
113949
132701
118884
122093
107432
116190
100790
120245
108119
124158
125968
118707
111728
108730
110606
117354
103293
111681
118959
124711
125090
113914
130894
122156
125997
114631
103380
129294
129903
105356
118059
109404
130251
111851
128502
125569
117260
100178
115071
125932
103675
116536
128240
129134
129586
129443
110791
122851
112171
107758
126596
118804
110748
130761
100004
103132
119303
113537
119507
128906
120716
123522
114782
125831
104707
117786
124647
132665
128327
109695
128860
101414
121044
118804
104234
109917
103061
126184
129965
131858
125687
109951
121323
102536
110914
121046
130691
117556
111401
113569
106976
126495
119456
112343
117938
105612
110061
104304
123039
104411
101890
105326
104757
101549
102154
116762
104740
113481
112450
128400
120746
130878
126986
111485
131662
129610
103740
125736
108241
124539
102076
123567
112994
119700
108624
132499
117521
119730
105394
104055
132230
121647
131300
110117
112883
120775
104644
109522
107847
115449
108000
129699
110501
111536
116619
118896
113428
111395
101169
117191
123768
121082
108519
100148
112065
127666
104518
110527
112738
113218
132730
130231
120836
122879
114326
111278
101500
125885
105258
109509
117243
112951
106520
120618
103045
103345
112547
119262
113573
111835
116169
130236
113758
109305
132563
111543
104292
125505
124458
100963
112013
101764
120428
111031
115842
100881
113599
125713
126394
121559
130918
109690
129449
124617
125842
121387
111412
108167
117370
112977
106345
118074
129965
131086
122221
129215
127911
108224
115381
109833
121251
122501
100217
106176
112561
119039
104294
102702
127240
101716
121492
117596
127645
116345
101047
125048
119285
116401
125081
100218
118327
113744
124360
105992
124805
115653
104075
127638
131212
119511
131099
131537
114266
125231
104208
119614
105072
109079
131610
131358
121625
115585
128241
128918
124410
116299
112527
110348
106729
119745
109980
124372
120067
115812
127530
105740
116728
109546
121762
122052
130986
122501
130046
131939
123895
121704
127289
107589
111314
114824
104964
113065
129689
109471
131771
110027
102050
109687
106135
130893
109080
109669
106789
132315
111877
126739
101367
103439
122799
102531
115865
102290
100392
107601
116422
106629
106017
121401
116444
106271
129279
117720
120974
126615
119857
120759
126425
118852
124352
109957
115257
127491
115495
126884
132636
113625
100454
101864
122519
106713
128338
114075
101720
128840
128303
111300
120028
105472
115840
130728
126178
124178
108830
112530
105247
108463
127112
118224
115763
120137
108666
111102
100572
127989
116161
110727
115561
128532
109901
108136
129394
111922
119688
127799
103879
103470
124390
117860
130726
101531
111293
120256
121905
109415
115544
107323
107294
114874
121927
100338
112561
116513
120824
120425
113895
116204
102284
128532
123893
111317
116195
127517
118768
104162
116985
124257
123342
129676
114038
124860
131213
122144
116864
123014
111026
113510
101332
123485
103925
125313
108565
128037
106043
115734
112995
125774
101572
130224
131632
113493
104102
132451
112719
122510
113018
122800
108622
113696
104789
119465
107270
110417
129786
117845
125296
103428
110157
127574
101051
130175
130315
107977
125083
128114
127417
130670
120291
128309
101082
131337
131926
126802
110181
103688
110266
101699
127350
130405
116783
103293
100420
121038
131519
131501
127571
126212
130358
121153
112363
115073
101428
109866
116168
118109
112256
122592
118803
113778
129695
109735
109969
102335
130214
128274
107035
105738
104268
119749
104270
111049
131907
129918
106115
122179
100553
127319
118529
108019
126842
101701
119922
110125
106600
123877
115092
101380
110189
130424
129841
120938
112832
130603
118609
113049
121799
107421
101550
126130
107564
113563
110184
103076
112691
129070
126970
115792
109387
115927
122221
111083
110563
131353
111564
119203
105342
115768
107991
123269
127242
101953
121083
114846
124269
100938
110210
123744
103010
116219
109832
124744
117635
131661
106030
100798
117158
131474
111762
132669
106605
128694
118270
106419
111129
129476
107999
121131
103839
107947
101369
106921
107262
115523
127834
128853
104911
107915
126348
116188
103966
105269
124431
132116
116600
104804
111110
120031
106053
132020
116785
110417
123737
111995
111899
119317
126405
110670
106389
132620
125683
103367
127330
128056
126194
115334
129076
103129
111374
120950
103128
126421
123044
120401
114349
118365
103988
108135
104794
132558
106680
122523
109248
122837
111412
123822
101166
131031
122511
119232
113108
109968
113569
118291
112507
120058
129933
108051
113011
114032
119377
122771
100556
113683
126875
106074
123337
124269
129503
131806
124817
131668
114598
124495
131112
117777
103209
104407
109726
111554
132126
130849
110982
112893
125906
116760
107434
103350
130936
130033
109821
111971
122048
109419
105937
124253
115884
101973
106058
130186
129184
113745
103443
132153
126392
123609
102479
113741
117341
105599
121299
117918
123419
118137
124818
107932
107437
108892
122712
119862
109914
116264
126140
118010
129925
123013
132176
127613
124287
111948
124698
121597
122015
103497
129608
104773
106901
102464
116511
101585
123899
127021
112437
130355
131117
116176
123104
132277
118619
118121
129006
101952
114140
129729
112278
125564
105413
120681
119471
114745
121787
104006
119584
121870
111621
131150
121240
107327
120293
106124
111743
110052
110377
116074
118060
117832
125437
124207
116312
129936
106243
115655
122578
101789
126374
132035
126069
100403
126635
105632
131928
130906
111880
108620
105796
126724
119034
109030
120171
120817
100690
111045
101462
107472
114447
131773
100384
103591
110386
105629
124130
115572
100046
118780
125294
127509
130399
114486
103488
111717
125276
127153
128177
111784
131856
120421
107630
104233
117157
126619
128297
114977
114306
123380
108174
100059
125655
115374
112761
132374
123765
119075
109926
108971
114404
125330
119081
110447
111023
130850
120799
102747
115971
116772
125220
112874
121720
130969
125830
125891
129071
122868
107578
113816
130077
113441
130830
131918
118182
119749
103071
106590
106094
121800
111820
102267
115564
113681
111466
101749
119616
100752
132409
120157
130758
117634
100119
112874
120811
128752
104820
104475
129727
115577
111110
130078
117964
114002
112062
121201
116391
112779
110330
113991
129988
100756
111612
125485
119950
108287
102811
108525
110263
104583
101944
117426
120781
120658
121076
111982
103951
131955
129312
121721
111486
103091
119286
132475
114487
122001
102022
122251
129279
108423
100850
132760
105248
105359
100318
115464
128628
114150
119075
126624
103615
121360
100547
118692
120129
130076
118050
131903
112524
122921
129395
100644
116884
129833
105328
111222
124421
131301
127310
128998
117721
101186
132080
129819
106537
116418
110939
112470
127299
116813
113514
107862
121342
127026
110274
120441
114762
130665
112137
117541
123403
113691
109907
100454
107560
122467
100829
110808
120798
132695
125438
107720
125531
131650
123226
126358
111240
111668
120153
129117
119078
115133
130520
123862
120604
127221
122398
124282
108047
120511
117265
100839
114484
113231
117673
119941
128098
119274
130214
131689
110444
113901
108670
128122
115629
122641
117402
132306
130532
131309
113857
117607
124483
121277
109013
103914
125122
124513
104637
104175
120761
111017
107426
102479
130222
127439
110430
130250
109419
106309
112433
130289
101204
125105
131254
101188
101112
108599
117782
113559
111078
114166
119932
100794
115906
127957
111817
129880
126872
118399
132232
104736
125551
126892
114980
131875
117794
126371
120664
107645
130923
115708
123112
117304
101953
115115
125583
106861
112484
104506
120376
123052
131638
127062
109937
106654
115916
108429
129052
108521
118853
105302
125799
110164
112474
107858
132351
121644
123703
109777
124545
131814
125577
127384
132402
124933
122585
127970
131567
131903
132120
105892
114023
104155
108155
102677
130183
102749
131721
114798
110902
131941
127858
111342
113475
109781
121762
105250
112027
124210
129942
107107
107456
123725
109294
101792
103286
108578
108484
106334
100032
102656
127037
121596
113162
120042
121437
101692
105128
127294
122400
114175
131455
117140
116166
126800
132610
130793
112750
118180
130401
115197
119526
111968
129532
107769
115394
111004
122654
110677
104363
120871
122088
114425
114426
108235
125067
124322
122246
116178
132283
125320
129977
119752
126560
100926
112618
106115
131470
107225
127718
126305
125623
124500
109264
114897
129055
113459
129068
109333
106385
129639
123190
108102
101457
103794
128888
101272
117073
124875
127899
102367
121767
112516
115582
125266
123199
108842
114309
131727
100301
109293
128052
122592
126982
105216
116988
103357
119056
109891
120148
129938
127031
119840
113420
132546
114913
110770
124126
116715
114884
118317
123975
111724
123990
109690
123285
104996
108421
122401
119360
119165
104105
114028
125309
113321
123831
130250
128785
127276
121783
104049
108643
120987
118904
122695
122838
124579
117378
114947
104021
118348
104268
122767
129840
127103
100271
110001
116262
112071
127643
111851
126915
111956
118793
103584
115692
118085
131120
130167
131768
102439
103164
108037
131969
109496
107452
102822
101947
109809
105755
101035
122629
116036
129361
112315
100350
128291
119450
111731
107866
114625
120807
101712
104373
117788
129492
130767
112806
104251
123867
122578
114072
105396
103879
106310
113877
103026
110955
111875
100580
110773
118931
124403
120341
100186
128827
115319
122458
124765
128511
118278
128856
126876
118995
105240
118462
108510
130548
122434
114902
118035
102687
113826
130394
111326
108288
121213
126600
122448
107757
124711
104056
114167
106708
114467
120494
107287
132466
116108
120300
122935
116422
105395
129097
110815
113350
124426
105863
118433
125520
108865
104866
120662
126563
131758
105381
125098
109967
114674
128705
103643
101802
104922
131488
103613
126405
104067
131063
121602
130142
120514
117339
126136
114136
119490
108629
107283
120616
117231
102584
113261
127184
125459
115762
119435
116241
127423
128546
115746
111708
119277
128937
126873
122635
103139
104708
125201
113486
131163
111897
107939
104552
123104
105295
101864
129051
113787
117667
104895
117600
128655
112889
121162
124764
114434
132527
102202
116368
106141
126584
114765
125520
107190
120680
121876
127094
125964
110411
123642
110935
107762
105787
109954
129526
107184
109682
112848
112248
112166
125532
105579
106712
126898
109296
101697
116700
121428
124737
102892
131656
127504
125520
117811
107089
121236
114725
130004
130388
103195
105246
106113
105416
114833
107398
119080
107890
110328
124265
120439
122327
110858
118951
124576
115959
101664
130888
109657
110648
131666
112143
103207
126881
108768
119634
117469
119624
111057
106505
107615
107790
117209
112420
109484
125577
107392
128802
107292
131906
126081
111071
115686
128801
111216
102061
124900
100645
129696
119463
131227
123480
102724
131906
130934
125187
119764
104229
103250
104478
129715
108859
122687
125706
108046
123398
102021
110979
111111
101174
125414
122832
103955
131450
119331
110396
119712
129174
115650
107210
112636
116150
116749
115749
128370
107521
128862
109782
120758
108402
127130
110521
104323
119267
125436
112306
102786
130667
114452
108700
124014
104170
106511
125826
113270
116706
116280
120594
115170
108169
119231
109390
104698
130332
111801
122757
110883
110965
118633
122242
126284
129504
106942
130307
130952
119851
112156
119661
117244
127740
108896
109501
116476
103783
128030
113346
113777
130240
121132
123786
114302
128174
105829
106522
116067
106881
126119
123489
121505
100550
102430
131439
106847
100376
121285
100067
114188
110137
125225
127138
123206
109153
109937
113359
129530
116181
116891
116215
119501
105404
112648
126347
106171
131886
124475
123540
112894
122767
100830
106146
105522
117531
128517
131845
119990
118721
114615
129088
127573
107061
122027
106939
113958
103233
106319
129464
111024
109404
111630
125320
100434
107645
132051
111103
117731
112177
106441
112677
115605
124908
105062
100910
111647
122268
127399
110765
113691
119428
126621
106500
118700
112200
106024
122399
104293
106564
116483
110690
112230
101666
131328
124383
113608
105132
119189
102861
115516
112094
127384
117301
100590
126784
106567
114415
128176
125299
108427
113869
122964
103945
128382
127254
105817
111770
126762
131382
130507
116755
123028
117427
124004
128594
110073
122723
106487
132592
109143
102877
103951
126558
112431
108077
131283
110132
102793
129740
115756
121797
127034
114127
106026
107511
120674
131678
112292
109394
116024
117352
119327
132438
105482
120981
109553
112146
126335
122492
113575
127474
101152
121623
125347
102361
131094
114035
128778
123247
120885
106412
105693
124349
120890
110105
108133
100855
101201
102084
101077
126104
117211
122141
117291
120500
105837
101871
102743
122762
108060
118674
125343
126554
124152
113251
128834
102006
102358
124273
101211
117146
119379
111481
101641
130176
106517
125973
130509
121264
130132
128304
105779
102038
121497
114877
126901
114390
130246
115368
109788
117220
127575
131853
121000
102095
105703
106665
101426
107101
122358
120718
110992
109405
119273
122906
112377
121145
113746
113193
130345
108747
100722
112778
132359
125809
100605
123056
106630
115812
116252
127658
109257
102469
106680
109910
101258
125689
101366
107217
100796
116663
103934
110897
110959
118623
105729
127863
119029
129294
120186
114367
119107
102639
132532
131002
126361
106836
105100
101470
101990
127493
129400
114140
117606
102871
111560
124627
121101
106113
130860
129475
124200
114348
104311
127940
108226
131657
126370
122744
107844
105767
116756
132158
129761
110533
112672
103848
103985
103013
100560
128816
114460
120417
101089
124966
123642
127426
123406
109549
125944
117007
112530
131687
108478
101219
128488
132270
131407
103618
127445
113157
102960
117421
107688
129294
118476
108276
121793
125245
119319
124108
131408
112780
101490
132129
123487
121200
121295
104238
103955
122124
115477
101962
125486
114085
126662
128517
129241
109911
132319
121715
117665
113926
100863
117448
110527
126871
128460
105509
106396
101727
100498
131762
124308
117723
107566
102893
