105922
118664
115397
110229
113923
128206
121374
107079
116461
127305
113207
103578
130653
118011
104800
112553
101845
132587
115916
101865
126912
124770
125686
105217
109566
123226
124221
104156
102044
128052
115921
120572
113635
132265
108243
123409
116117
109571
103352
123338
107891
120973
126447
124651
114946
119368
111555
111520
121487
128991
104578
131088
103281
116701
112863
126262
123790
100894
126613
104940
109089
109955
100173
101961
113594
110058
123586
127277
102790
104030
113699
113690
130512
127882
107193
123206
100808
117364
124361
104430
123011
124776
128956
115436
125764
104753
101501
107916
131834
109712
128803
121500
121609
113638
101072
115138
100685
108340
131800
120595
118620
116805
112166
108768
100620
112426
104924
122835
123958
111335
120634
101691
116153
131692
129217
111525
131009
123335
127640
114092
113993
118679
100910
120594
116446
118468
123169
121871
132262
127085
108383
119528
123298
113186
112779
107460
128048
113748
108706
131772
102356
126217
132062
114737
107575
105172
116186
127842
101744
101381
117752
111421
113027
106013
116480
119158
116519
129413
126985
117719
131533
109951
132253
124887
122589
116828
118296
109677
122947
114672
112721
110118
131114
114243
113532
123254
100871
108169
105807
124747
132314
124500
118116
100328
103089
124681
123103
118769
125293
111504
127312
132034
116936
108112
123611
122117
102807
111451
120214
116356
123469
107237
116274
100923
122049
118779
106974
107954
129329
114546
119144
112778
100998
107293
130981
115029
120793
105795
106260
105643
126775
120911
127678
129658
103841
116426
106080
114077
129111
106375
131532
129456
131927
125469
123789
131875
131360
110490
110282
116110
124859
107382
116845
119876
128764
121030
114563
125227
101382
120754
122086
116171
118285
108329
120346
109220
104544
106196
108406
121029
116134
103752
121220
119194
114791
114303
112042
116998
130255
118409
110089
130481
114607
111743
130213
125860
120517
131513
114118
101651
108093
119104
100767
105849
110455
115590
119086
103147
128267
123477
131683
115109
122891
131334
112516
122346
101000
126195
128464
118795
103255
131631
114531
102085
122644
129140
130137
127951
125544
130140
130870
114356
102792
125140
108678
113119
127230
111822
126400
112116
115628
125239
116592
118631
123406
111401
117397
111175
116415
124513
127304
118874
113727
132083
120479
114031
104435
104764
125393
108016
108141
101145
122011
103351
109806
106838
119010
128290
107561
124522
100761
105066
102474
110433
107237
105776
105015
122905
103807
124505
118294
114609
100699
116252
107279
127295
113543
119385
110675
124097
129877
130861
111453
119895
131772
107971
117624
106927
110076
126317
102017
108480
120449
117491
121582
119995
120074
100907
101135
106558
126730
103881
126356
111051
111438
127353
108368
117626
100833
105003
123452
117994
129837
114862
126399
123517
127586
103041
111660
111813
130844
132326
108941
109625
121408
120375
104351
105773
111142
113021
125725
126977
131582
122943
124481
104856
129132
120472
121993
129035
110966
124300
121783
124831
116640
126876
124443
107509
131157
129944
107028
117121
104329
123317
107221
101181
126621
118496
110181
127135
107139
102993
107753
110536
118050
125282
126246
129022
128508
114082
100930
114780
128526
100645
114378
126664
119543
120095
123130
125734
120157
100017
115768
127691
122509
126467
121825
114741
115041
117651
129864
121593
107111
114637
120572
107516
107327
121051
109386
127462
122181
111294
109571
119252
126833
122270
106880
114766
107387
130654
120546
126584
126530
122228
114078
124812
118638
120824
125498
109191
119892
124666
118353
101411
115227
110873
119773
128262
109341
121425
114102
118841
127888
132629
127317
114139
100710
114590
101854
122391
119665
113794
128094
116819
105419
109960
107856
131754
129397
102843
104295
101789
130366
114621
125831
120837
108007
104798
107028
110412
122756
105837
111984
131037
102949
117711
114111
129497
132022
102349
131566
126476
102692
107698
104947
128799
131778
108694
132694
115471
131050
119157
123120
102622
124391
129156
101107
112264
132626
126916
130090
115512
102204
120279
104322
102844
108108
121875
108746
122678
127529
111317
126903
113173
106203
102423
121899
122180
105453
132165
122806
117665
104981
102733
129118
114609
101399
112630
120987
115602
110310
126834
118950
132401
122124
113462
122099
113341
110925
119561
130556
109403
113799
102747
113985
110619
119517
105433
131981
114986
111636
129598
107642
123722
103229
102252
115511
100736
115093
108731
128137
114444
131241
104337
115216
109982
114622
100659
127692
119751
116847
102618
113888
130990
106136
104458
115861
123396
104307
108831
101537
118074
125953
116777
113578
128241
117420
118265
121606
115122
109610
129404
127685
101599
126884
109384
108273
121065
131608
130933
113172
121284
103676
113070
104699
123288
108580
112519
119738
132538
125669
122129
108528
102362
112763
110509
131148
102270
111528
103197
101712
106415
116126
122081
121685
111857
132127
111040
100816
100217
115427
123301
100307
126363
119866
112044
129495
113282
113906
124029
109752
128291
122747
106713
113153
129907
123465
128626
115050
124376
120186
125184
121759
114398
121785
100753
109123
123692
121442
128544
108853
105910
128230
128874
107794
119860
120690
110845
129787
120786
103627
104338
132504
110121
105341
106908
121692
124526
132660
124449
115211
118505
117610
105929
129914
106153
102466
113205
118679
124791
107188
100241
128936
123912
122603
101485
118488
128631
132075
105416
125935
125682
113527
118126
100449
119475
121138
118917
120970
101169
103684
117858
112952
116120
115903
115617
120426
107127
121091
109940
110423
112057
106847
112955
105394
100055
105400
127061
112173
123212
119535
109110
118844
100680
102590
100026
119579
108712
124643
123577
111122
100390
119681
129756
119288
125133
132291
110767
100854
102833
131010
108023
106893
124380
110249
107077
126938
104075
104983
128715
131097
116123
119236
119919
122729
109630
116840
116766
128974
104946
108248
119139
105596
122804
121458
116536
109395
129904
123580
130844
124838
104381
107080
125541
127552
111559
112347
105944
131753
100236
105677
128887
116133
129100
106931
120474
132350
110906
125500
105025
130179
111736
102233
121257
131153
129090
104097
101149
120913
124010
117235
101647
128258
115716
111197
116071
123257
130914
113212
117531
104102
111171
113317
118272
103384
127559
129028
110816
123011
121254
119299
100812
121666
109090
109230
130227
129560
105530
116948
107572
122875
110241
113072
130225
125843
100846
128456
132517
107327
117909
118038
101687
107097
119574
122470
121359
125883
118900
105983
108392
116097
117481
110469
108390
131601
119000
104222
130986
121433
129539
132564
128037
114008
100606
116027
111657
112864
114916
132691
130502
122778
115528
104367
101203
118858
100974
116439
130891
115284
119739
127212
115291
113536
101995
132746
100280
119546
107138
100082
125878
107933
107525
112233
123031
122736
116329
103387
122272
130673
107596
119236
132211
111250
110435
120401
110744
130818
122036
100034
107869
131245
123141
123410
118240
130566
102804
110298
115562
107524
113928
114803
101886
103530
102568
104282
119602
108876
122315
123097
124734
102863
119695
104932
128083
109616
131278
121154
109614
114952
111182
132333
112620
132046
131384
128698
121376
130205
107980
119868
128803
114487
123474
105958
128939
103243
105044
113009
113055
127475
125450
129917
131882
130177
119318
128123
109583
118907
117618
132298
127292
122084
120742
130080
108193
105661
123198
116780
113474
121548
131195
128634
115595
123548
129097
101782
130532
115397
130929
131444
132486
132205
109072
116495
108429
130063
100168
117585
101966
104316
116533
119091
112362
118047
130338
129829
124196
102532
119293
132016
100719
127004
113417
125274
118091
114746
100563
102858
113106
128866
123495
108588
109710
106435
131267
113367
102030
131586
114316
121901
131513
126265
118784
117443
129122
114752
112428
124099
125724
104491
116831
125582
106703
116755
119518
119973
113931
130586
115161
114889
100509
113065
117150
113249
108640
128764
128269
123421
112214
111585
108364
112857
127223
111036
124348
102852
128201
104655
130603
126913
111665
123064
122187
119309
106889
107067
108898
111650
114546
112194
128324
115932
101228
116258
106367
104667
128676
110880
111061
121896
123148
125748
120047
116507
117425
112909
109647
121468
110410
126292
110215
108264
114700
101173
118184
107382
126918
127516
132094
120731
132393
128700
104698
121931
108391
101718
111216
129121
104705
125240
132611
121921
103641
112004
114397
114876
131471
117554
125859
126260
126730
100440
100519
125184
102997
109737
129632
121873
111533
122684
101400
123606
115416
115088
116453
121182
132536
111564
111834
123325
103711
110155
124030
108976
105445
119895
114813
111492
101432
107573
102302
108083
114484
125027
110837
125137
111283
118301
125018
101670
121191
116005
118554
118173
110886
101572
113900
107101
103300
102924
113958
111029
128167
131937
123952
106429
132183
113976
104761
131386
124245
128029
108586
128451
126702
114683
110552
109858
109775
126104
114814
121853
102683
111455
114282
123830
101563
115298
122102
110991
131574
111775
116154
104722
116033
122754
114688
110000
106584
104876
126072
122792
101261
122611
125230
122922
102752
128426
127416
102588
102481
129314
118708
131550
118514
126320
110450
115945
104000
114801
109805
103741
116275
121868
109824
105627
104596
110007
120534
120528
132623
116541
115107
120980
131465
130238
109201
130481
130484
107511
116478
115304
127200
121027
100068
117776
117524
125666
121752
124160
103005
121082
120504
126895
104806
130267
111966
103706
132169
118023
109466
111206
102309
120690
132128
117191
118257
121222
124989
129696
118543
104810
123920
115948
124452
124036
129782
105436
131496
120637
122950
101313
117177
119300
108607
128813
129205
114581
132414
110421
107015
102523
124212
125882
121665
102355
131928
124169
129900
128340
115225
104255
124059
120972
123223
126736
101319
125292
124114
124554
111318
102919
114403
120054
100605
124311
103274
128511
107848
131265
108295
125974
102263
114458
118413
115220
117516
125417
127667
110625
104610
115759
130061
108501
123264
104420
113467
125854
131438
108676
106849
111970
123592
110282
122071
110693
106704
115131
110113
117356
107592
119015
100641
106531
126529
103404
120459
100540
132398
103227
125338
132313
112700
110111
130561
103596
109798
115195
119333
112988
125635
120531
110985
107947
121251
128269
131977
123351
124379
100473
111180
124605
114397
128144
130548
128068
123916
114169
102423
108281
127950
126290
123763
102647
127202
102188
119773
121354
127476
128343
125563
109332
126830
105825
113203
125103
107410
122969
122979
131347
110790
118744
130515
119099
131630
123971
113640
124227
105088
122954
111130
104469
115988
101812
114599
120388
122171
112479
109961
100408
106450
132226
109734
124812
113431
104758
132168
115636
102587
106549
132300
129507
122424
106977
103070
107563
114532
117896
122213
115687
114502
102886
104314
125782
125737
114155
115103
109192
105456
125631
122606
115582
125353
128516
107791
125325
130405
121691
130222
102403
111942
104489
124460
101389
118489
130203
104085
101848
101286
101863
123091
111863
132102
122325
114465
115717
105525
129919
102594
112523
118696
123220
122866
115747
116385
132195
115741
131038
125440
125143
111695
113380
125276
122813
122348
117594
124754
119310
119713
118921
114717
113897
108698
110908
106087
115488
117749
121193
119391
129014
112759
129812
106252
116519
117886
120433
127457
106025
122423
118089
112785
113330
122897
116126
117029
115322
108914
106386
102475
100418
112552
115333
129521
107029
129826
132478
116754
111822
132320
128716
117712
104666
108584
116461
111812
113727
124027
121518
125586
124381
109511
116884
107712
114164
121054
116091
111816
114663
125479
115837
112235
129344
119955
118293
105033
113139
131795
119428
114351
104935
120009
129908
101040
128946
111420
114908
114551
119973
101327
116003
127963
111112
117044
113800
126516
119718
105373
123841
118893
101261
107891
117218
117339
127759
122955
127361
116301
111884
118294
101656
115685
118132
117399
121514
120102
123399
102683
123562
127437
104543
117348
106008
103653
101681
112358
116717
120982
118992
117046
122297
132158
101618
115903
103307
114883
112567
111799
114449
124711
128999
118609
130560
105820
106107
104756
105398
111962
121184
122157
129567
131696
131959
117792
131541
104663
112096
121157
122251
109453
130680
108176
132267
130144
122784
103793
121150
102985
130369
118718
122125
109052
105229
122094
115205
103613
118791
104327
121312
129397
103237
104153
108802
109573
132596
123117
106657
102106
106142
129209
115753
111298
104872
105621
114143
108798
119583
116979
108228
113560
126388
119626
132540
131063
125700
110931
117231
128944
104733
114808
115824
111519
129342
106890
124189
109879
132063
130226
114374
117270
126449
115114
104081
114140
119655
112684
131740
114238
125685
128171
121829
114006
108312
132418
100199
106045
125014
125674
121478
104412
107719
111343
106157
113151
108756
115877
129078
116907
120127
112471
111754
123314
130660
115840
115593
106628
118974
109117
122924
111688
122540
102915
109672
105516
113525
118669
115798
130553
116618
101401
101522
117482
102924
111060
114657
108222
127886
109459
131094
115980
116252
117955
126518
110807
122492
128419
101850
111202
109235
116657
128981
116549
104908
130657
106519
123073
110804
114709
111313
121937
127273
129866
117978
125569
127989
107535
103250
120835
122613
124348
126597
126208
104063
105696
125969
120492
118979
109947
101452
118557
126545
100718
130784
128861
113627
129839
103096
104382
131388
100545
122144
113261
131514
131812
121895
119882
119176
103561
104520
126967
107663
124552
100682
102191
129647
109461
115301
112218
117696
108657
108966
120414
105629
101469
114325
100535
104547
110036
111636
119242
105142
130937
123274
122230
117189
119119
118593
125421
107983
111144
123405
120002
111079
132448
125487
130627
104948
106698
104824
128776
129531
100075
107698
109516
109217
102758
103483
131964
112363
106424
100339
107406
122697
106021
127576
118420
118227
129266
102128
102673
122834
118741
104424
110731
108674
130474
130810
102625
102678
116839
109972
132063
113149
118098
102454
112400
131428
130418
127259
111571
119548
114243
124445
107953
107773
131758
120275
121582
116331
127031
120828
111454
123544
124025
128288
127354
122346
126671
100724
106931
126942
102997
118527
101383
106061
123919
119547
123857
130542
121191
121470
109029
121885
121565
129625
128220
112090
126714
124480
103341
106517
102789
113452
114302
132393
101114
116990
117177
121766
121912
106341
102241
113235
103034
123393
131751
126323
104328
108489
106936
127304
119343
125354
113114
128470
109294
115824
111031
118761
116978
102890
118264
129881
105285
105801
107542
103053
131650
128714
110445
122686
109900
109205
113811
125053
131263
122596
106215
107000
104487
105831
124013
106617
112816
117736
130009
128943
116702
104491
131305
107825
105086
121624
107256
109760
110557
112411
121297
117196
109879
128460
122049
121402
109938
125131
102384
124517
112908
119278
121840
125539
129619
104095
107415
115849
131540
115327
117770
126257
110357
105808
101147
121786
102791
120849
126933
113873
120246
103786
121172
122351
103107
119115
118747
127523
101396
125905
128032
103442
113482
121705
129258
108860
112243
117303
121566
100993
116353
107193
117398
103907
115196
118695
130292
101773
131059
111390
120246
124949
128824
104702
106570
128510
122317
108689
117475
131201
122009
104813
120780
116108
109407
110491
129277
128268
108785
115448
100844
103272
115617
120284
121765
124237
116217
130810
100125
116913
121772
109191
113091
106258
123595
128671
110681
109823
122172
110308
119810
103130
104041
109416
109980
115420
119093
104141
107343
104537
102964
122794
111718
128070
121371
121137
108382
131832
124021
118543
122429
102190
114328
102548
116006
132690
117464
112404
102185
102908
132090
109453
111967
125624
103660
110473
126007
116745
104627
126278
131851
102830
104100
119573
123383
112163
102103
114176
104938
117355
109273
112559
113405
120589
124577
117645
124164
128605
116165
112422
116323
108540
125166
129491
130340
130466
104330
100250
101958
132379
102848
107344
124759
103312
114345
107520
106053
120328
101053
108945
123761
117550
101003
132258
121349
100949
112046
120249
117384
129977
118268
108445
123823
124424
116480
100608
130422
128289
115115
125281
103024
106011
127046
113969
123739
132233
128683
109877
129272
115964
105141
120107
129050
116938
121077
120240
130044
100110
111014
114017
125655
120560
115171
101697
129204
112423
130328
121947
117887
110268
105143
122536
129886
109328
101420
119602
118337
130848
102162
105850
132537
124936
110503
101911
102413
113350
118653
106145
124299
106305
132211
107725
130844
130186
123876
114905
105243
129633
101918
101163
115815
113659
101910
116021
118711
112642
123226
102811
115502
119262
113734
128920
121904
104499
122491
112030
108403
117930
101261
108348
122713
104693
130044
115269
132221
103693
121446
126767
124043
131774
106746
114873
131926
123494
125744
118480
104996
115962
102327
112820
106828
130889
104111
102999
104452
107141
122905
114950
130676
122367
102028
101194
112143
110130
100905
122897
113698
130307
110545
104713
127661
104263
131221
113741
125811
105350
124269
131395
125261
116222
121645
105668
101315
114155
105142
104574
121053
116742
102761
113047
104759
131660
114146
113299
113236
101632
115938
121976
109364
115955
119436
103216
124713
127747
105429
119086
107238
103650
103478
112213
118745
107289
109475
108053
125371
129100
108737
100567
115301
114111
127828
113819
114661
131353
123638
129247
114897
120680
124431
108995
105179
110950
103681
132716
124838
115963
132515
124582
103384
110594
127729
105421
124017
112720
101634
119021
124507
118002
132410
112168
130113
109751
109248
129880
130725
120303
109362
122358
107053
107377
117656
118331
104510
113379
109975
126852
105932
110645
128232
129019
126065
131695
123144
111476
115132
120237
110384
109973
127179
101991
120967
116538
111132
111094
131223
113431
107936
110676
108541
120224
113425
129828
128869
123941
128134
101874
112310
106306
112453
117691
115850
103542
106200
120240
106977
119570
132707
114487
124438
122965
113716
115507
110354
112341
103324
122501
123327
120096
116989
127955
118463
106404
125989
121991
102239
104908
115930
101147
110278
113260
124342
107157
127859
122719
123190
108365
122086
107631
120077
109814
108956
106868
114622
107996
129345
119744
119913
112491
122658
112315
114917
112625
129249
118731
104976
113061
122220
110967
123491
116455
129071
113099
122570
111561
107657
102398
110002
108751
105853
107858
119907
117491
103851
113980
112272
107756
101246
114885
109612
112048
109990
123184
108928
116792
123849
118237
109947
129155
118645
131437
125513
100829
121178
125479
121895
127585
106166
127386
115317
114621
119568
108420
110348
112949
125481
103411
106451
123627
106032
128170
120461
116317
108085
125382
123637
107567
110816
120226
103181
127787
128867
127991
114099
118918
130221
126024
105333
116068
117984
123773
106918
132511
119046
118990
103345
101316
101120
104930
114350
112223
118206
113208
103219
117369
116150
129479
102765
130910
124302
128737
113519
128932
101148
100189
131529
117608
127121
111861
122461
100315
114161
121069
102766
116734
118471
105206
111866
117417
131094
120657
105034
109010
105106
110647
107975
104204
109840
118393
105743
115022
125756
103780
105288
116726
124042
118247
106421
122637
108399
101624
125574
100557
107728
121139
105461
100448
124859
119748
117134
127467
128341
125064
130510
129995
125203
117103
120304
128287
106797
112933
111108
132486
102224
125169
109377
105002
131476
126429
115868
107517
128941
102679
100762
101186
120933
130967
102242
130128
105290
105730
101398
127378
113315
130510
129123
106195
131497
117928
126807
106936
101108
106258
114803
105358
131892
130385
124930
104518
132129
106886
123305
124606
105397
111131
100670
116291
119704
129888
130525
101715
117980
126070
113465
109991
115690
121709
122161
113009
102588
119977
115108
118242
128845
129418
130181
100079
121934
111180
119346
122965
111131
112427
109569
108506
111085
111819
113436
124118
111953
102360
114064
121075
115673
101353
104864
130609
108817
121259
115551
108077
108212
118843
106622
106146
104224
120275
122466
130864
103432
113577
126585
132188
128361
102676
105679
105433
113855
111089
128220
132614
114808
103493
125089
110775
109481
104740
126451
110392
108032
124113
132630
127887
112634
131622
123789
109826
114517
120118
107057
126937
100297
106802
116097
100965
121843
107913
127289
109377
107154
104019
102438
113880
121845
127984
122168
104999
103348
132588
131801
131269
105119
130342
115837
123936
105716
131378
124538
132617
125141
109819
116763
129139
129272
114349
123887
126071
104353
130770
109159
127644
110029
107195
125600
102486
103088
110113
114046
118476
126818
104460
108282
108254
101078
112372
123325
126567
102923
112678
100589
109247
110726
108138
103495
126085
101631
115683
121454
104603
130651
113462
101762
115313
101594
125935
124405
129927
103314
120352
126874
113709
103964
125258
109823
117134
106125
113281
132349
113900
112551
124364
110221
102445
120657
106187
102109
119703
118085
111772
114084
127192
100873
101630
107442
106313
119328
121527
124875
126323
110977
103220
105909
132051
115528
124784
125840
132314
106924
115735
104806
110136
102961
105706
114435
106330
115230
100197
132103
125233
108338
125087
108089
117558
120979
113267
113182
115115
128007
109533
121291
117027
123750
106662
112119
129860
104016
119876
114004
125132
132123
107516
118304
120018
100879
115785
108022
111951
129494
124289
132075
105692
125998
101302
110806
127421
109537
105946
123375
103967
118007
127015
108956
124318
115754
118206
125575
109578
103066
116111
131316
129387
121282
114296
104018
128834
125867
104113
119567
107282
109407
119399
123569
102943
119201
105895
130595
107126
125403
107902
127052
113965
105304
101471
116966
101868
103091
130500
110990
119725
106384
107800
104727
110271
121481
101333
108836
102417
124780
107242
113142
109997
108451
129887
112770
106627
127219
127547
111303
102248
105578
119718
130654
101214
131474
112971
109907
131350
111083
108544
116019
123827
100504
110761
126054
128209
123481
104537
131519
118214
102841
117691
119378
101927
123785
106929
123270
119695
116620
110906
128875
122523
127348
114329
125261
100665
132621
132020
118921
127523
108729
120762
107423
131494
130332
129544
124297
109480
127256
132174
122699
103145
123644
116717
104396
127369
129016
105124
130532
125643
112341
120428
129206
109080
113378
102560
119360
127815
103218
117857
110640
100379
107012
109625
102137
100109
102531
124670
127783
108364
109232
132090
115951
128515
112540
107080
100875
129242
106970
118657
127429
121279
132148
111001
124753
131046
126621
100355
106079
113166
128871
116764
118257
122375
126134
121030
101738
131441
113205
110931
100328
110534
120583
122790
129492
115099
118785
113044
109752
112930
115222
114064
124240
116724
121106
124552
128995
123405
108172
128778
128723
131608
124181
130987
110452
131822
129974
107689
125210
111193
120218
124623
105078
131357
123399
127897
100642
128057
118931
114841
100218
113514
122260
128537
115886
102641
115416
126210
123669
116374
106646
115709
116932
107501
127653
118743
122464
129496
124396
125738
110640
102221
107034
125242
107894
117593
121751
110621
115200
114789
115130
114207
108026
130233
105788
106084
114694
115774
111340
102607
124303
104328
114341
125219
116057
109587
105085
125288
125021
113101
124480
105361
111829
115157
115485
126555
108435
111235
128926
104824
112534
101544
102366
101613
104415
126487
118262
126905
117633
107876
130744
127415
114680
111339
100000
128197
123323
121620
113415
119078
122645
110038
121754
112933
101680
108410
114699
131067
107379
118434
101894
116723
114957
127881
101223
121804
127186
128140
123050
112479
106311
109546
122786
131970
112376
125640
107118
100651
120594
107896
104106
122841
120877
111866
116962
121647
103274
119235
132172
130018
106430
109502
105142
124886
129421
115601
125117
109956
116859
125217
125504
120479
112511
131928
127764
101879
103225
132390
122873
122013
107141
111557
119757
115272
126288
107074
120064
109815
124330
132665
122696
103384
108317
117216
114070
113001
114749
130886
114760
121053
113281
104669
107424
115393
119889
101175
113269
109791
106848
113677
110888
112995
132412
123525
130266
129340
113700
113844
117468
126405
124441
114274
132199
118181
116791
105742
113294
102644
112710
122162
102000
100511
124557
115913
125362
132365
129510
120589
105261
118786
111128
114053
109539
130500
132192
115263
131128
121213
124497
114523
104799
127201
113375
108489
101138
131856
103862
101714
129414
120510
116944
116701
111518
113553
127046
106987
114015
113354
127078
110181
122532
113448
104967
109463
100882
105481
125209
104316
110671
101331
102784
121148
119663
105874
118307
107507
126639
123363
108095
128692
132710
100112
105730
122318
128056
115836
130901
121165
115597
103746
115705
101572
111169
132633
111061
105546
108958
105083
114830
121539
115591
101638
124761
109921
110581
126754
118285
116842
102056
125924
103549
108859
102678
111154
107524
127373
129192
117288
114529
100343
116005
121275
115909
106932
108398
105628
120363
104871
101485
103263
121832
112796
119880
110045
103811
119505
100826
128215
109766
122549
110179
128732
130837
125167
126334
130156
102655
100770
118100
116573
122899
114415
110352
123262
100085
118972
111507
114299
124849
106932
120936
111872
118862
102799
123130
103201
118183
119956
122884
119290
106614
123996
128330
109714
100530
126424
103303
105990
121627
123030
123558
101091
103699
131903
102964
104915
123567
110949
110614
130940
117518
108155
120695
115109
128745
129573
117765
112026
116076
111027
120157
114130
107332
101095
126659
101072
120826
123903
106263
123719
114047
124143
101636
112513
103944
118255
107387
132097
128027
102197
121440
116584
125162
101892
128899
102293
126177
113381
121809
123408
112251
122165
110796
132009
127833
112607
100920
123740
104341
125803
118807
109688
112468
112952
132312
115713
106138
101381
113612
111954
105315
125366
119769
119302
110063
111189
117362
100633
103261
118872
113350
112971
122491
114210
122168
131781
103133
132300
105232
121855
128556
104484
100976
126433
101313
111606
124553
129833
126578
106123
120846
120588
130220
128112
106985
110368
101059
123256
132654
109689
102277
125700
128845
110610
130837
110466
125323
110191
116727
114484
121011
126593
108135
127539
120328
110538
115183
122803
111231
129986
117048
121480
104747
108152
131105
104170
110073
115324
128014
122229
132253
101373
117378
126835
132044
102191
122353
131166
100524
101871
105679
125089
122505
125098
122605
128415
122569
102011
107781
129782
118050
112787
128660
100613
115722
128222
119271
126124
116079
115684
123513
121938
115625
118253
127356
128557
112301
127848
115894
127933
102787
113805
122766
112282
109562
126018
121447
103024
128154
113211
115756
129096
130778
129126
115244
124681
115091
108422
123433
116030
104885
114461
119467
100377
124217
109712
128410
117688
117334
118150
131340
114856
130808
125329
107100
103080
107630
126736
120700
109743
101218
128852
127628
130608
128015
120321
129963
107932
106158
112567
124173
107561
114737
103410
116045
130770
110388
128559
101381
127134
122161
123473
124061
102950
126963
120898
113504
105041
102221
113373
104661
105571
113419
105996
116556
124726
113961
114733
128695
125382
101443
111291
119483
114932
111181
128554
114439
119427
101252
101650
110053
104807
127396
117392
115982
100159
108380
122858
115907
106272
104447
126321
124185
109972
114556
105132
105877
115170
118416
129458
101112
117904
122682
113112
124764
100135
118128
126348
116864
100662
100368
124801
104545
110233
126489
127757
130058
111355
101403
125903
105644
108186
118252
129172
100081
106570
129181
126331
103566
118973
131244
104792
103448
121601
102523
131671
107288
104010
119553
120290
126561
105714
120512
102340
117921
117950
105719
105614
124727
105571
108824
129849
124228
125513
107644
107022
118021
108686
125526
109251
102240
100942
102374
100839
127420
103970
113903
120192
117270
115174
125034
122610
115025
129984
118140
107554
102350
115805
109734
121820
124989
114302
109884
106866
132275
120756
127768
132006
100860
126567
113807
129738
111922
104733
105636
100902
100238
127737
107900
102554
124031
102786
104210
101509
120313
100263
124460
120549
125712
104959
110478
104895
124101
100437
125805
132545
107808
102499
128294
101158
103551
101854
113456
104922
127277
121779
109391
109790
113974
121489
110347
107759
114298
114855
117857
112226
115969
104111
114360
126547
109454
132651
105495
103166
116343
122094
121492
123757
111795
125407
117264
129620
116533
104186
120353
120889
127608
124055
107600
121047
130652
109039
123525
104389
124976
114396
121279
100435
109328
127712
104712
115893
123505
128361
117929
120931
129786
103251
103834
100799
124310
126383
128316
124664
131271
101827
106826
105007
109629
129617
119821
116953
113319
111133
126160
131685
112073
110505
128148
131614
108750
121411
121605
116818
124128
100417
130988
118452
127991
128652
121701
121855
110062
121179
122388
113372
107484
125505
119956
120838
120225
104298
125680
101292
124351
112674
106198
102935
114540
125590
112200
128908
123621
130783
102037
129908
117764
103228
120712
110266
108309
116127
102111
119157
116710
106092
118782
111559
104221
104573
117733
105988
125390
125545
130400
132119
128845
128262
126333
100386
123201
129836
105539
102501
131578
100028
123297
128097
128261
106209
121509
132413
101885
111510
112367
128360
111011
123497
129636
123776
116017
129150
100135
101491
108524
120278
132037
125156
125689
103889
127407
113104
113521
106738
100334
116849
111288
101347
108050
122210
131338
124857
127851
111365
108118
124792
130684
124706
109904
130778
127149
110544
105666
122444
109120
120729
103202
127034
121478
115929
114794
113548
125011
102503
111140
118641
114351
126839
107972
105563
119246
128191
120123
122443
127043
126169
127433
130126
111728
121321
114963
131399
109121
119423
102517
102896
130330
116671
127641
132124
115213
128703
129865
129855
111185
100656
126337
110127
125423
108865
102345
113196
130751
101568
105153
108319
131987
113538
128510
131359
117682
103686
112404
109369
131720
121173
104180
118641
125851
112940
119161
102404
122561
110941
107325
122352
119953
111987
121265
104630
104215
126357
108909
121695
125644
101293
114372
105149
115652
129993
113820
129267
121642
127937
105852
127544
112874
108058
109287
116439
132525
105514
130793
116346
112906
129917
115695
123049
129018
113272
108252
106126
112525
100412
110424
125435
128988
125901
127595
116142
109375
122484
119628
121555
105920
124257
116339
131018
127183
126613
117493
105515
130871
128255
101905
101895
114000
110565
126214
128113
125302
119174
117032
131901
106683
104702
123443
115720
109529
113513
109279
125049
104555
125003
117685
102853
127580
126256
116768
110969
111007
113807
129479
124788
110624
121844
120346
131378
113659
130398
111147
130641
104941
116710
129216
114253
101383
103330
100006
113551
110762
105673
106824
128934
118191
127512
113536
130260
121830
107124
130220
104652
124610
126416
114181
111802
103506
130385
127532
126596
125299
124592
109318
120655
106053
130785
111050
129862
104155
114674
124248
104086
119863
116277
119501
105405
127349
108705
113748
126725
131398
110710
131647
129867
122784
111648
107094
132101
117684
104798
115054
120964
122401
115363
127806
117878
110439
125885
111727
104878
115358
113076
117490
102184
100456
131573
131222
110919
101924
101551
125914
110434
109924
120446
113407
119423
118689
103751
111970
117086
105006
132195
124681
128442
104043
113663
109180
106187
109115
104386
132310
109839
128184
127153
100379
119626
123685
110160
110540
116940
102947
127754
125881
129266
118568
124883
118039
117743
118318
125708
100818
126156
124840
108199
117285
110766
127674
119179
128103
131928
102313
106554
125736
130288
128657
108721
127356
132358
106070
114064
108951
108242
118748
132218
123290
129725
129403
117695
107181
117028
120493
123704
112206
117336
114698
130163
103912
108521
112503
120336
129192
107300
132250
112235
127884
132314
128401
129404
122813
113251
104419
112123
129822
115683
130486
114119
128805
120780
123715
130440
125418
122788
116872
130963
120189
111113
119612
103951
113021
110066
101640
127062
123622
105271
119284
106398
126507
128084
131872
118489
110469
130410
119220
111066
128394
117894
112153
126904
121345
108326
124778
101495
103669
121081
124709
103909
132616
124903
128295
104387
124938
117073
131031
105253
123594
130202
124065
111900
126764
110310
103590
125073
115068
117793
127409
122740
110082
106820
128877
114455
113623
127955
132310
105428
121335
111274
121326
118774
125590
107514
105905
113111
104632
111759
131146
107845
109564
117844
118151
123946
118456
117784
131979
121452
129611
104594
115139
131347
130479
120483
107547
107690
119374
113884
122481
123623
111383
106048
109641
109454
109008
102987
125123
116882
100014
122419
123595
110973
128547
131949
115088
110099
108791
104307
101687
101426
115354
116933
110544
126205
131513
111917
131721
126266
120591
128328
113441
109815
122494
131394
118176
129652
126558
119521
104006
107581
110869
125125
122817
112279
130279
102126
104867
108573
122384
102526
119570
113067
100112
112320
118209
101755
105287
113002
113952
113038
100289
132127
132560
121166
122451
128312
102746
123505
124647
129476
100896
114976
121620
109261
103316
130905
131058
118750
119463
129938
102956
125633
121477
127647
112726
110733
119167
123093
126849
103393
123464
130672
108045
115818
118117
121650
129215
116651
110303
122189
116243
102141
117819
108419
101332
110292
130731
109196
115433
105285
101766
124344
109938
101829
101622
105173
117524
129076
103665
129363
124816
108826
124010
132262
128923
132400
115912
113132
112618
129570
115095
112848
115340
102035
100477
127918
102012
111457
132464
109304
101751
113195
102183
112600
121867
103697
112590
125462
112625
115643
103934
130365
110748
102813
104940
125177
116242
100729
115425
102596
125435
115237
116970
104129
104183
125070
102096
120296
127541
109309
127050
116580
109378
125337
114802
120633
101918
118830
101494
125994
129941
113964
128656
108250
113612
104947
113976
105521
122651
100429
115352
102145
106778
100668
108608
126186
131583
131319
119579
103035
100903
113711
125857
105113
125938
121494
110159
113957
128980
115362
106580
131289
104105
131726
130190
115827
114249
115363
126132
123670
103517
109749
123605
129005
111473
126192
108289
132369
116298
110549
126278
131501
126329
115071
100318
103264
107312
111147
100774
128738
102741
107511
126162
121835
101845
108010
102879
112720
110907
114741
109258
120431
113537
103864
124544
107214
113445
114376
127125
130303
109184
114992
104760
102343
128852
117109
112999
128127
108708
100703
108383
107961
104136
122804
118615
132391
125376
109895
115821
129209
119241
129841
122337
123654
110126
120415
111745
129773
104033
132173
103524
116348
129354
128272
112347
113936
116447
104090
120997
119998
120821
126266
131170
130802
100437
103778
100682
120918
112403
103085
116255
102390
106779
102432
118880
117153
117261
128433
120768
130962
124747
128773
132567
108368
131408
130942
117270
105938
114499
106357
107008
106215
102603
122564
110999
117717
109094
104584
114709
132416
132725
115749
126173
105550
123994
118666
110769
106249
127173
126646
130853
115717
103435
132218
105556
112962
103737
100481
129745
121427
100263
102031
112097
102848
112336
119558
130023
125354
132192
127150
130335
102317
126095
107445
111247
118795
107694
114165
102715
117766
100351
110710
130457
126861
116426
118324
103236
125467
101293
109602
103668
110301
101172
115310
104622
114707
111018
111367
115768
117176
123694
121181
110032
118629
131593
100200
111901
127347
110398
103403
125030
101728
129379
105978
117250
114035
126384
108986
100880
129955
114518
129640
100456
125878
129297
118172
111313
102566
126209
121807
103284
127304
120502
115227
107408
127023
123786
112963
112240
121551
103731
114163
102554
127966
111256
101961
130890
130304
113380
106643
132126
132002
102105
128859
125203
128294
115816
128673
118960
114241
120958
106087
104065
129442
111392
118387
103367
127445
111034
128848
105582
129638
109492
122006
116799
123977
107847
117867
121943
102777
107663
127050
125144
125920
122081
105219
126686
115575
107614
112643
107189
120750
124872
114646
106057
102414
102549
120298
104413
108573
102722
127894
127232
119426
101354
115802
111037
104297
116503
104297
115731
127529
124120
100964
132005
127524
102420
119145
128433
123631
103453
114764
113990
114612
103048
129316
106418
128468
117565
123914
109882
113360
109258
119837
123407
129385
103165
130506
119677
104966
102833
107082
114020
109143
129512
103531
132076
108600
103194
129684
130421
127960
119501
127491
104653
109850
119910
128858
111526
131131
131903
112730
111943
107958
109305
111342
115073
104804
123412
116075
104421
117992
131772
103446
127796
121162
108006
124903
130327
127970
119964
125580
109072
109176
123797
123825
102833
109225
109833
121727
104204
104588
105667
116322
128362
112790
115320
106000
132416
127163
122455
101319
118110
124118
105441
100309
111722
111179
126715
103006
124557
102123
116546
125274
115564
118552
101790
122845
125018
104233
106522
113307
109259
113680
114675
112043
104204
104249
108014
104331
116530
119222
110831
128357
108113
125594
123592
101520
127982
130210
106319
120154
105398
100123
123315
111365
111984
114175
121872
124175
114992
107874
111936
105911
127949
130060
121077
123324
108438
113000
101892
103784
116033
107165
116484
121549
112932
113402
123160
107855
116904
103319
115977
108130
121850
114233
106136
128917
102403
124791
106002
107984
107675
121883
129060
131545
105209
130507
104433
121373
104558
125673
112482
131502
123220
122295
119229
116872
131137
100031
107642
117016
126336
124530
111186
110335
117441
125455
130200
121619
100111
118726
124620
100518
130819
103966
129134
120844
126263
129684
127248
123479
114430
117636
123567
113253
106834
102733
116291
130845
121358
119473
114325
123637
115038
129146
130385
117943
126835
103523
130652
128390
127611
102197
101735
108572
106704
131633
117189
132437
121711
114606
105593
127473
119981
118531
119956
102805
110373
122791
122302
127764
100597
128919
115986
119277
116522
123128
131119
102677
111992
105214
109195
119542
118319
119308
109835
119479
114282
107293
132049
123582
129673
110178
104022
111731
128738
113964
120248
118087
121012
130829
103765
118006
111452
107066
119192
125192
107980
117556
121107
115102
126008
110504
101326
127851
113170
120979
107743
101121
127033
118697
115259
113998
131950
113656
106188
100710
108295
111049
111300
108419
102375
113095
110128
125257
123821
119651
131536
126799
108588
128630
125478
120796
116508
120872
110797
117486
129550
128786
104460
100225
111270
111263
107691
120333
119556
127416
113157
132177
117379
105632
113759
118351
125606
126492
109944
120984
100431
122840
128865
106441
113970
112134
121231
131414
122250
126536
109615
115078
128522
103888
126393
111295
124439
117445
118472
123396
125492
126185
110633
126140
109246
115066
116530
123829
107225
101974
121941
122728
127914
127074
120821
108927
128967
127275
102775
106388
109291
106446
103581
111420
113135
110870
119055
109380
118517
125669
124987
100922
126439
122581
101727
114223
128288
112670
109540
130492
104040
106683
116718
128579
121894
131528
118065
110455
102097
107311
114694
116767
102056
126595
132286
126999
128419
121132
110902
115607
103849
113093
105643
125879
108291
101570
106960
108595
113425
126038
116510
108140
116539
114580
115052
117168
121899
124116
132287
116923
122169
121688
120675
115838
117799
110639
105275
113695
130319
111194
115029
131648
116377
111150
105409
104324
131697
118777
131492
101967
127481
105960
129416
121806
121659
104744
122358
113208
127521
114252
110663
131155
123368
113903
101815
102969
101074
102042
129723
118620
116763
128232
129173
106952
119343
107239
104741
103080
102682
103874
132354
100364
127808
123037
108489
102377
105550
126913
128693
121953
131184
100089
132464
120133
114629
130875
122153
123609
120336
100235
117223
120279
127664
126237
102941
102582
101586
110266
117886
120363
100325
122724
116754
123121
130126
105533
113290
108742
129117
104869
108753
129206
118144
101283
114147
113307
114103
126342
132066
105445
105800
126156
111463
126871
113844
129858
101654
127378
110313
117869
127349
118550
114617
115241
109310
104582
110219
101520
106098
131179
131409
131357
120177
101308
132026
126225
104264
104285
116392
124694
132106
120549
111588
123939
124386
110756
100881
103327
109735
105189
120030
116425
116657
122480
112000
124759
119275
123475
102240
115037
115754
124130
126224
107633
106941
116221
110980
106509
119622
116369
125311
122677
107464
123233
119115
124761
103424
106759
123565
114300
129017
104245
130840
113814
103131
121153
100897
101431
107779
108001
100403
106094
106585
104499
103812
103913
128734
101376
117063
126301
112517
104257
121124
122153
126276
113890
102629
115766
128106
113863
127602
104481
113203
107789
102911
106652
105114
100498
131716
131601
118894
130743
124525
121737
109480
118884
129171
129997
131580
128589
106860
127434
101806
117876
126078
130106
110247
106223
127514
105601
115144
127980
100678
118997
131710
112370
120315
113058
109207
108906
100241
110125
115796
113757
121719
132215
123583
112511
112679
102500
111678
119149
128089
106012
107369
105779
106103
125874
129561
127249
120914
124420
113345
109183
105235
109794
107522
127854
128884
107122
103033
126161
108080
100818
111836
123484
130231
129280
116293
125835
104999
106999
115405
105959
123000
112411
117341
111749
101878
126679
107969
118991
101109
125573
107006
112774
114624
132238
112102
111880
100050
117202
108009
128975
102217
107082
105006
108603
115607
126187
121571
130705
100475
103118
108241
102467
124976
120207
120883
110962
130532
122099
117704
102321
111979
116685
114215
125452
111413
115746
103251
100937
129149
127627
113807
123757
104388
104667
110707
129410
101758
124930
108864
128664
102667
121137
105841
102666
127464
124479
108178
108290
120103
106828
117333
111423
124700
126884
121315
130838
120154
125925
121712
112055
107742
111461
111122
113842
112777
107214
128979
128442
105428
116235
114181
118184
124351
130920
108501
113859
116746
109044
103203
105534
106152
113450
115601
128258
103281
108497
115674
109486
109079
102433
127334
110044
116827
128807
124443
132263
102016
100715
111733
127082
103424
112335
109017
127433
121983
107450
101158
123894
104701
111990
130958
101421
100687
114135
105892
115329
102864
100894
118453
104411
121172
121116
130140
105792
131933
130203
113745
110674
121490
109049
126594
127258
130924
114198
131429
115972
126771
129137
118924
101163
128809
127373
119162
124375
124933
118938
131765
113988
105890
132177
119068
122790
110329
131872
124795
123497
121421
120455
105565
108733
131493
128450
127521
111442
117631
111528
122192
105824
113603
115667
116014
125675
121078
105217
127631
101445
111024
110266
123116
113364
120400
120883
107958
103189
105198
122483
123370
102369
112017
125876
127462
117488
101538
127500
118651
108187
117153
115532
121411
115942
132119
122921
129589
126909
104652
115353
118902
120446
131385
108416
125554
115896
114496
105356
109356
112179
110875
118621
122578
126000
123283
128746
109717
124913
108658
112672
121528
126588
110394
126156
104678
129437
110103
113594
115912
113194
128275
118046
122071
102282
103817
106036
103791
104568
114652
112676
115749
114949
108904
118312
103771
127452
102073
100080
114706
115914
108027
128326
109567
123518
103858
132078
114144
126349
115628
121040
114192
106169
102451
127833
101721
128626
119175
100894
105482
108445
107403
125890
120650
106389
122814
124698
131244
118639
119149
130704
107524
105091
129575
125637
106360
101927
129650
110715
127450
116414
127676
118193
115509
108018
127124
115215
121765
114237
113690
128645
130156
104366
104884
116784
118595
111082
119811
113277
122862
124785
107030
103568
119827
103970
114141
126439
120140
110850
114400
126522
123259
106297
101680
115878
128350
101469
131230
104971
116067
101875
131116
131763
129213
115251
112065
111412
105143
117772
109089
130199
112200
118888
122139
119737
118760
121009
110085
124914
111011
114324
108645
101621
114028
132357
100593
130039
113075
115331
102074
110612
117818
131229
126116
123374
104228
111797
126745
124567
109647
112132
109054
128433
117475
120030
115430
105171
105259
128823
109446
120367
122020
122471
122986
110706
113236
129578
131046
116204
112989
126187
118094
101617
128466
107842
128105
121727
106953
110779
106788
127008
129714
109529
114564
131602
108775
127834
128990
105638
114052
129725
113482
117222
115320
125954
128085
118906
102620
128177
110582
100557
123268
123933
119492
101739
117716
130794
110181
117422
108245
109517
101194
111001
131208
122259
129689
102916
106363
122469
132203
122873
115353
122954
132664
125023
103238
128749
120207
112853
130476
122529
129803
114401
123727
111778
104834
123466
121832
132253
120191
106178
129136
118643
119027
123080
113787
126779
102183
109005
115143
130182
120053
114582
113173
104678
121144
125665
115511
115377
121217
100683
115051
103938
124684
128625
111591
106241
131058
102486
112565
106852
116895
121605
109761
129334
129415
100215
110897
129239
120085
123318
124660
124997
113124
125507
112542
100761
107826
106165
100979
116437
113042
112036
106689
126172
105952
119237
101492
104386
116858
127062
128228
111686
101037
104125
105969
113309
127086
131948
124242
132722
116811
124423
109098
127018
124833
123593
119516
101228
130830
124196
124193
110305
103209
132519
123992
108856
126321
100133
125469
116590
104836
110356
109852
102476
115346
130355
125479
121137
132368
132720
123783
104465
100529
128776
125584
104126
128658
131056
108409
125798
106420
111476
103274
121437
124848
103710
121045
132381
116646
123097
101898
101004
130423
118102
130566
130173
113460
118191
127884
118392
125654
104010
113272
106942
121391
125185
117583
103048
123680
126079
120090
125584
123917
103149
104821
122066
105614
119759
118499
110228
115303
113960
130404
127396
123579
106469
100682
111585
123772
121720
122952
116732
112934
101572
130252
101248
107693
107577
111502
118288
101811
108352
130921
114160
118015
106713
114539
130504
129835
132482
105256
116644
104348
101980
131411
115006
105400
118665
128143
124288
118354
101848
105090
108357
125801
104356
114987
110944
128019
107769
118390
124895
113332
131833
118286
102033
130931
102014
102771
112837
110831
115201
104012
124501
107821
121531
108286
127459
122582
121097
125309
111715
111263
122901
118883
131545
123144
112819
107071
123748
129097
129929
101167
111228
103049
108147
126129
129400
115794
106790
122806
114003
118594
128275
105720
103599
126211
113806
114574
110618
116349
101679
103869
112529
125769
123256
128018
106818
122217
116153
114349
124310
132407
117809
105696
111727
106908
101494
101113
102319
100482
111127
114267
126713
117644
122495
102356
118971
103684
123420
122922
121964
119061
102593
109303
129554
128826
111945
113591
131848
100342
125054
112928
126974
103110
118585
129714
108609
120916
132042
121998
120381
122093
110233
132491
124224
130869
102926
119687
101504
124697
101807
123387
101216
123142
121992
122578
129775
129368
103120
106876
121009
125974
106185
112702
110243
113884
119016
122828
130169
101144
110390
104729
116266
128633
104438
119150
125870
108453
128904
118970
110086
119083
103821
123433
132478
113848
113996
125687
109871
112781
116053
123783
100295
129328
113251
124591
115085
115554
110983
117590
119711
127570
132483
130114
117886
110096
131956
131627
131533
124484
117429
128020
102230
124192
123903
115163
116558
102035
119765
101646
128986
106432
109599
132096
109010
131758
123157
127772
113860
100929
124254
131194
132156
109161
119161
116144
117314
131225
105053
113643
121637
114811
105308
110142
130679
121058
128845
108089
131417
124160
103658
100030
112121
114137
113271
117008
101464
114679
101541
102445
108625
104799
128181
132702
104663
111557
111072
112908
103550
102140
104951
124629
122684
106416
118087
127967
114033
132695
123327
129132
104486
111205
117077
105903
112274
116159
128933
113887
110819
117875
101083
128137
131131
105638
130004
108586
118776
127694
104832
105981
128056
106017
119691
110354
108956
119116
104508
114080
131661
125801
117149
124316
107581
118059
101852
105354
113840
101980
130801
109972
118010
108426
130433
121561
111754
123901
109314
128263
105511
110572
118561
114732
108154
104176
109664
132297
100813
100024
100356
100393
128786
109055
125230
122608
127527
126907
119624
118263
130904
103063
130978
109911
117286
111780
121437
131524
108870
123723
116361
114717
107501
104327
126346
126784
121931
132689
105920
105507
131925
120155
130151
119841
113096
100352
102075
104849
131691
112763
122464
132765
108948
127320
113922
102994
116205
113449
125753
109555
112248
111226
108207
106643
115153
113159
123780
130786
113332
105772
111857
126280
118206
112284
108844
108080
121976
126806
105612
102055
100753
109013
116718
105253
121451
126343
101975
128682
102874
124545
118235
106509
108584
101745
112573
127377
132188
101332
127959
116410
121531
110697
103228
111711
119952
100325
103965
100095
124201
126440
100585
129881
127010
109104
130232
124214
107750
126477
122602
112778
111474
116244
128011
108731
114268
119832
129530
119361
110100
124246
111947
107119
117099
112880
126441
127376
112465
101021
106240
131894
118243
112030
122394
123087
119461
132084
114056
115321
102411
130512
110083
129560
123967
118091
107411
103589
109854
100951
131504
107977
112003
131829
103079
127402
100297
119721
101952
125189
117131
123947
127902
109437
132270
105568
113254
132146
131490
124296
106276
103574
104164
117689
102122
106876
102856
119692
128570
112242
105589
120854
128805
103249
116017
132378
117429
104466
101087
115068
119177
107235
103109
105977
104383
103546
125843
105494
118807
126634
131489
123222
100948
114996
108665
109232
108774
121055
122261
103488
121287
124107
108650
100669
104099
132610
113573
127019
127035
130384
113588
124754
108811
125781
118408
107886
123690
120536
120985
119464
124275
126302
101163
126405
113634
111099
108496
102814
112448
101993
105775
110288
102403
129623
123139
101812
110704
109827
109415
109714
125442
101643
128848
118289
104975
119425
126043
117746
131497
102205
103881
131582
120003
102775
101063
124221
115860
119957
125939
105321
100673
128065
121373
108194
110262
120255
117322
129379
108756
129917
121599
100021
127698
112364
102076
107171
114141
109711
102342
116461
127746
122450
123177
102401
101454
110620
106750
132646
100660
105127
114666
100091
131630
131216
119271
123680
106407
121258
121927
132147
129049
108696
115958
110334
104819
126619
116479
112110
115133
102824
102481
110535
101118
125118
126148
132759
101982
123510
107095
127721
115336
129500
123579
112442
104786
126333
128534
110513
106656
126145
131841
100874
109189
110459
104402
113108
114860
109503
121121
130268
124663
122356
129413
132073
127333
120617
122527
103337
127289
132525
104282
111084
130393
125913
100208
111376
121332
112945
126001
113596
115559
129452
106112
101074
122978
118607
112158
106398
106310
125440
127531
102484
131794
111002
101097
107705
107007
120381
118980
100640
122664
113384
113807
109976
105070
126537
120081
107876
123739
107987
101824
105131
126406
126738
131788
109169
118262
101179
112223
113862
114698
108808
111396
109885
130711
127170
112646
120736
126100
104095
119098
122082
104051
124751
131711
111701
118417
131794
124580
122141
125136
113036
125003
115685
121218
114587
129006
110801
113546
109160
123679
119219
131517
126076
110868
111745
120719
115606
108642
116231
128235
118010
123401
108761
125282
111627
101809
129164
107144
110364
117555
118053
111003
114308
114011
103122
103526
123376
113133
100824
132453
112638
113381
131789
104234
113671
128259
109319
106239
103995
112519
130388
111309
111092
129338
109291
114237
101956
112301
102563
127772
130256
132549
101475
104708
115426
131703
116442
131129
118969
129233
116080
105425
131876
127034
120956
100120
107343
130042
113079
129586
104668
128253
126705
127490
131637
131283
115970
102219
108321
100860
128772
127253
129430
101731
120255
101971
104655
123176
131941
119490
101021
120994
104320
131860
106242
125349
114472
109646
111100
112384
109945
107119
114591
107594
127044
119378
130662
120543
130309
125653
127947
116773
100885
106811
112405
118036
100385
103631
120434
112373
118747
103882
102981
127337
120815
119671
123585
115118
100153
112021
129975
101150
128821
124157
115372
113912
113335
116613
125743
118115
130268
127779
109930
124336
101440
121942
117494
107488
108145
115649
120308
103782
104356
108313
126553
118574
131751
112962
125321
116445
124183
107957
104488
119131
109523
107301
106028
125583
125872
104802
102711
109161
103023
122493
119077
101158
107500
118573
118496
124111
120727
116337
111996
115203
109096
112759
108928
127479
112527
128189
103041
129979
127274
119670
107254
120511
132155
119343
102983
101525
132249
123826
113959
108536
110502
128811
106532
103694
121728
129673
123004
120554
124540
121895
120627
112213
113360
118700
119394
118222
113295
121392
131282
104143
108507
125344
113609
121938
122198
129891
107300
112276
125657
103997
114598
128025
125545
105332
106384
103408
106854
111410
106866
111928
115206
120875
123200
106467
123138
116351
129960
117434
127887
119266
105379
131745
125328
124666
132683
104221
112650
113672
104684
110611
124888
128203
126301
110803
130208
114082
104593
117844
116741
106992
112489
110273
130334
106948
114124
122933
104487
117434
113658
115908
126583
120860
101917
122298
129714
106061
109090
110631
112960
116072
131014
128155
108798
104228
106228
128046
115763
123899
104526
112323
132549
115595
117770
124558
118445
111676
105215
101588
114600
122403
110079
101362
121647
130342
116584
129697
132010
112225
119542
115832
109025
122057
108507
111539
114611
125199
110866
116786
115466
108744
126960
131013
128270
125130
101628
127910
102809
106201
125696
126791
105195
120451
127072
123982
101792
124232
129707
122846
102623
109054
110704
124185
128723
121716
107859
119011
106847
109142
132191
109288
106253
113232
111774
100320
103496
112246
109543
123154
115916
132324
123896
132374
119130
122273
107973
132576
130480
116938
106255
116730
103096
116716
128567
104209
110848
110257
118869
123827
108394
126655
130437
101975
107045
121565
114561
123806
116187
107863
122485
110040
101164
105892
131086
131018
126556
127303
128212
105647
116552
127987
126907
106876
122271
111346
121844
119656
101710
120776
115977
112556
102204
106003
132393
120967
113208
123061
110017
121734
118832
131637
122444
118018
109475
111715
130411
115946
123224
123707
100408
116931
109137
116492
125911
102124
109051
123354
105807
100135
124071
125952
123800
117845
129597
128025
100342
123777
129327
112161
123013
125984
122285
126424
125204
107927
102680
108647
122422
126462
130488
121158
102039
106020
101041
112221
120461
124627
103475
106346
129519
103253
111602
103586
118826
120118
126422
131227
128657
130380
103667
121193
130293
116213
130235
122120
114806
103072
117362
126202
125080
116879
129763
118064
113306
107739
127058
117294
112387
111544
105649
100971
111997
118010
105495
102134
127718
113112
119661
108383
116133
124912
124779
122069
126010
118156
106435
104588
109081
123684
101019
100706
108217
120356
128065
101569
115432
121070
100122
106183
120929
111651
108508
103844
104352
130335
123389
109636
129013
103874
129132
106543
126424
121206
126590
124589
121724
105325
105771
113965
126887
121387
108666
104679
124608
117829
125242
113089
123434
109160
106227
124015
117200
121500
130588
100319
125953
123082
126606
119252
118655
112764
101945
128721
125906
130021
117782
110904
113634
130081
110428
113587
122565
110270
106231
117459
113366
103546
113974
117239
120583
130382
109508
122736
122488
118188
117721
130018
131656
108806
118449
129261
109995
107919
109118
101133
114748
126277
116250
101055
115349
127023
128191
121062
117021
101347
101626
123500
129314
117836
112541
100140
123944
108970
116085
124944
109952
124890
106875
122998
110108
129752
111438
110297
101025
103554
116193
102573
126910
114591
116337
120202
125117
109599
126907
109965
132183
102564
111979
112380
113613
116034
132055
102184
118836
129923
108525
125592
102928
112559
127850
129123
116517
126794
127310
103646
107146
127197
114316
102263
131839
129274
121605
100321
125824
104570
100023
108146
125467
118793
130866
111561
123134
132325
110924
119731
124372
111330
111382
124752
109394
130994
104975
121457
108812
103267
131479
122949
128398
121385
120230
123701
100008
103262
112061
109580
117769
119239
132125
132187
120847
119065
128312
120860
101086
115899
111461
105109
127920
132046
125655
127615
121964
112235
119248
127336
111481
124971
131346
121430
116692
107501
110743
113581
101216
130259
109697
122962
118654
108686
104020
121873
110558
102108
116323
112444
106389
127566
123272
130453
117871
104015
128792
111726
117894
132706
113430
130063
117267
123563
110759
122968
106885
120241
121030
105640
107984
104290
112953
120573
130824
106840
118724
104028
120622
129114
116124
129139
117066
110374
128798
125565
116409
132717
107457
125286
124617
118304
121418
101679
119939
125930
128319
123797
118472
109310
113565
122349
126624
112914
129485
120403
108494
128171
108245
126979
112552
127132
125388
120583
128549
118985
103312
107283
113976
123953
123067
123309
121436
106540
104402
101264
114288
123120
120768
125267
122822
103258
109187
109382
131703
109548
110630
112797
121593
102162
128495
129488
114419
118441
118233
107073
120911
123073
113220
113952
102033
111522
115180
131467
105064
115470
114712
111098
128899
103110
132372
101083
108710
111184
121568
132217
131581
110070
115242
125986
126384
102674
129914
104585
122551
122249
110765
114025
124400
105622
119460
107115
105839
126153
130877
115018
122389
110927
131970
102197
127844
116339
118305
128373
115089
122725
124445
113999
102875
127290
113090
127788
129308
118581
121310
132343
101534
121925
128302
106439
121135
128462
108567
102590
118904
129964
128150
109873
106634
104822
128634
132616
108986
111871
108497
125544
100015
108067
117152
130448
121529
105408
115927
123905
121444
119298
104323
117730
115278
130532
107078
119970
110645
102899
125444
104927
102996
114773
106976
124295
106736
122379
102759
118077
103982
101235
109322
114430
104487
116241
124626
114948
100670
116622
111951
125162
111282
120321
106194
118290
130415
125294
123612
129860
109866
117388
109525
107415
119212
102092
109313
106133
123502
103830
110769
126874
112743
125654
103606
121981
121378
111287
131867
120690
118291
131758
131348
114735
124715
117691
114225
114766
114602
113132
132567
116467
120373
109858
124145
124846
131368
110359
120803
106659
109613
101024
103615
117736
103438
124976
116156
114734
128199
103326
116708
124068
122336
118568
115212
113688
106745
120759
108553
109407
102055
130661
130593
130808
128382
129852
127168
127980
104303
122176
103532
116728
100693
113584
123387
103662
110794
101514
115460
129881
119871
115789
115347
122976
127308
107266
112161
115437
118084
119421
127683
125966
128013
113121
123553
130715
104750
109154
102058
109081
102186
117071
127110
132318
117005
121679
106700
119158
105028
120043
111990
111430
108721
119884
124050
104047
115967
124998
114490
118517
105779
116886
104645
111393
130436
123752
126527
111907
103277
123933
123415
114684
124672
104266
106520
121755
130685
118788
114074
121926
122915
111195
125434
106812
124486
100132
131911
108185
104866
130300
123710
126585
132591
129673
129145
132448
113846
124419
131043
107994
129634
132595
127599
114526
106906
122683
129802
124024
131278
111703
100558
123944
103952
100834
119160
103045
116006
119900
120860
132261
111581
111402
117783
115649
114848
122078
119878
113557
116552
106681
105077
124934
108598
106862
109338
132615
116127
109865
130372
117693
125736
120528
112334
125921
119731
111753
131288
125031
115064
124796
131191
129117
121943
119002
116652
132373
117356
104478
119443
131718
112357
124563
124125
108272
113424
130070
121728
116159
122296
131357
116397
119218
105650
113144
122883
117308
111795
130903
110850
104491
105317
106509
130498
105863
122809
102419
116709
130237
124030
100560
130506
121596
108851
130711
109059
106976
103705
102258
112394
132174
129165
118558
105263
117407
112789
103510
131285
109056
121017
109397
114398
109336
120596
102806
111972
123884
102058
106206
123562
100608
103420
114556
115794
104895
114650
107471
121040
109597
121977
100618
120094
105339
108741
130868
123569
106187
108024
118899
129453
100852
123756
126345
109397
114296
113837
131999
127173
102228
114131
106306
119267
105512
107023
131243
129171
124823
106627
132419
132138
109809
129879
117350
110886
112911
132361
126311
108828
117375
102404
101589
102129
113890
130165
126717
105293
131985
120922
127408
122189
112519
116187
108359
127864
113787
105438
115939
119029
115020
128214
116218
123643
106402
106459
125199
109192
122579
108544
125376
106070
122371
124385
105478
125195
125328
118651
117945
120751
114605
129601
101202
101476
116812
131948
114933
117073
132162
119442
112815
124896
128933
125562
130300
118825
103289
113711
110220
132270
123532
110675
112710
104008
130463
121526
132238
103521
101062
101415
104387
118116
117778
112266
111628
127858
131436
120619
125525
129367
106948
121682
113812
113596
110444
111384
111953
117405
109502
132728
104549
124670
126469
114857
102658
100570
123291
124331
131315
131421
126798
124449
120101
101715
103944
124254
131943
125919
128688
107970
103790
118128
120651
102215
124188
110321
123239
132183
126466
128320
106425
129249
120867
122082
130821
130987
106490
102901
120382
115178
131007
132197
113135
103696
130535
117859
106201
107237
115946
111379
102365
120793
108616
111493
129821
101272
129742
100327
121439
104416
104981
104185
113330
119183
119629
120257
124755
104449
132408
127359
113617
126616
107385
120291
123248
119964
130831
123774
129995
118598
129053
125559
100542
121367
130284
114047
128899
110958
129586
127238
113435
109402
106645
105135
121840
103085
107371
107778
117944
112722
120004
101218
132764
110304
115370
102974
110746
124014
113063
118667
120360
102058
118920
104305
127258
105765
123233
106820
117445
108017
103377
129207
129125
131182
121991
102220
128700
131681
103941
131599
108796
103238
104100
124804
114407
100840
124889
113118
116277
100398
131766
110961
125750
117048
112052
107370
109752
103850
104367
112830
100139
119368
109618
102752
121603
122052
105717
108471
103006
109267
109732
100431
117223
122758
116450
111055
131322
117464
119182
110891
103689
100228
107333
118298
101438
109337
115496
121803
127841
113743
120287
131539
119549
123804
121822
102763
131006
100867
107750
113368
117278
121389
105679
112426
119104
120762
120198
113193
130332
131289
127570
114829
123869
110102
120923
101997
106119
107636
116844
127482
119005
101820
116216
106093
125058
117524
126811
111422
120670
120275
109411
115607
118083
107156
118799
127496
111825
113290
108182
128124
128919
130835
127147
103532
118138
117647
119552
130898
105307
125298
117001
129889
107764
101016
132610
119923
103939
114137
124723
103747
108203
102878
121715
123100
122647
121394
123883
131153
114272
117404
102940
129199
116913
122029
108324
113968
114857
111509
112700
119217
102400
127547
130182
127334
107374
112524
108550
101837
114120
111890
129005
113120
132717
103369
119838
120207
120544
105263
109035
101741
101302
118427
123935
131754
122035
128207
107586
110401
131120
114128
106776
121458
105919
129782
118379
110963
119826
105791
111114
120931
120345
126440
100882
100223
123755
111935
108652
100504
106471
115635
108439
108741
102043
102701
122024
127573
111589
124579
109199
115463
107223
116202
105115
103038
129504
132043
122433
130287
103081
116826
106009
124445
125246
125315
113193
116871
130670
119782
122726
132319
113012
128485
104056
116159
101591
123130
110526
117656
123534
103758
110738
111851
103272
109448
107982
104123
126379
119011
130958
129346
102139
117124
121400
101603
103806
126218
121018
109408
126014
119142
128019
129357
112335
104429
123925
113604
106545
102571
132457
112219
102647
108539
123091
107859
102569
119381
112567
108562
120424
125542
113117
110547
117968
111974
116849
116381
101667
131494
125518
115313
103843
103272
120188
112840
114495
119796
111094
116285
112242
128744
129457
130694
129897
100816
104923
104616
109924
106998
112992
109419
107870
105596
116915
101900
107504
107687
114379
110899
104051
128126
108396
132132
112485
131988
124583
113209
101901
104482
120228
132240
102754
126552
105631
103425
127530
125429
126513
128851
118879
132630
100305
108975
122838
128843
105370
124244
114723
111600
100175
102029
101303
120507
130204
117472
123467
102289
130718
104585
127618
104094
120998
129575
116425
120228
127546
101044
121218
113555
107613
101818
111715
126555
128017
118724
106264
118526
120345
125715
106800
132073
122883
115859
121654
130436
100966
120078
129822
108808
125033
103070
118756
116113
129156
101992
114799
102260
127627
105095
108987
112082
112360
101447
124983
118381
115495
126612
102508
113595
118713
112818
105184
112953
129777
122158
100154
131586
107859
115988
113318
116128
123662
101218
105851
122658
108231
101565
113692
131694
100760
106339
126748
119769
119897
100193
118437
105973
110110
129798
128282
104874
103424
117655
120059
130185
130593
132676
108041
115036
120298
106843
109995
122626
106903
100796
124561
123258
100598
107661
117655
104765
104299
104750
117228
120017
122680
128879
106099
120987
123387
101889
107113
100597
123512
132395
117577
129664
131993
102846
123372
122043
121011
119883
111861
127701
117515
112787
117356
102080
129177
125247
119977
115335
126988
109522
126580
113633
126478
112859
123498
130566
131016
124015
131491
126401
110249
109270
118161
123847
104803
128389
129323
112967
106039
109644
132427
131778
129651
124625
130133
126237
131897
119357
102682
127221
121729
106293
107772
118834
117601
101388
129362
102879
105613
122679
102414
127033
106522
124417
130973
126213
115079
117632
114190
131111
117501
121799
108407
103537
114390
100189
115604
116409
125533
113390
102066
105262
103892
122689
117195
105708
128444
103786
103923
105421
115024
131905
122610
130178
102995
115730
121139
118499
127499
119190
104157
106116
112526
129314
129087
110985
105276
110879
129905
108987
107405
123578
110392
113627
118541
130012
118059
127286
106404
122205
114452
108409
125723
129397
103321
115399
103644
112243
108060
116233
103673
125361
130527
116101
127088
130759
108652
124851
100014
106239
103220
125003
120913
126217
108662
119203
109362
108784
111458
122936
110499
118861
118655
115850
101109
102075
124746
112430
125758
103050
132640
103198
100440
104888
131421
125523
112173
117532
113862
116886
126002
110565
101924
104595
124466
123203
132146
122671
115277
114276
103609
114971
114752
114338
128506
100009
132583
111611
108364
102879
101632
102849
126214
129739
106033
101266
115615
116245
130381
106635
101908
125403
109267
124601
131978
103608
122551
109264
106549
125734
106597
112672
105848
110343
106500
122052
111950
132478
111863
130589
111848
118531
107946
119167
107160
116151
105611
101673
129773
120308
126550
107899
117024
124201
103830
125539
106158
129765
100201
104729
110151
131121
116099
112140
101863
100643
119157
115484
123971
122032
124207
108041
132454
110274
103620
119595
115356
114826
114030
102500
127375
121624
124370
123988
126640
120873
127877
132555
106200
109888
121294
122756
111663
109816
107950
130064
113230
127640
101149
126480
109984
109544
120727
100519
107022
111939
126423
130095
113883
113646
110307
109355
132556
121512
128072
117629
119693
124034
130983
108506
120656
119281
131952
103802
101303
132130
108782
127508
101108
119437
112516
114185
102447
104141
114998
108256
108583
109231
129130
103922
120093
101513
103152
104294
109038
105933
122433
109920
106623
110557
125188
123766
110429
119585
124375
112228
123557
105560
109387
107520
130082
119851
128304
128880
122550
115976
117524
107930
116987
105261
110598
118236
107305
101123
130976
111357
123963
111022
105540
114788
119373
123874
119461
126856
107081
122616
104073
106920
113346
102465
130254
115132
106016
124570
104107
115371
114686
123456
102969
118206
117200
120550
115762
111957
103113
103429
130808
131033
118524
124788
121561
106225
113089
110136
119697
108281
114522
124829
122640
105136
125398
130694
123262
106288
103734
113921
107133
109604
110287
106014
108462
101429
132079
127490
104566
115141
123843
100407
102146
107488
104568
119878
129672
116591
129953
114824
128720
100527
109017
107321
113908
116962
104873
100814
102756
111685
104876
118408
119596
107585
129520
109642
102522
127461
124064
115880
115802
117908
109024
117824
106949
125179
131833
119117
102362
105542
102582
118905
113515
112532
104718
101363
123323
112552
116738
121026
112774
105697
128969
120409
104258
130924
115755
115819
116133
111544
126251
125696
103271
103210
117992
116937
105801
113939
124101
129968
123734
123871
116168
104372
103529
129679
120896
122868
111343
120425
116395
103945
128750
104685
102358
119705
102727
128524
132166
107049
111672
109205
111319
116019
132388
112368
100515
125561
121751
111118
108581
111768
127365
116896
113567
119776
125138
113799
116408
106851
117271
129164
113514
127052
123044
101458
120347
100723
104385
107656
132362
132398
113978
119651
122605
128873
118042
113996
126169
107001
109238
130518
117601
106797
125677
121074
124674
116390
103343
101478
120767
104041
128188
120187
106504
105011
130478
130806
119520
130829
111930
101194
124223
110879
112051
118540
110261
125385
119503
102311
122193
123888
117934
129617
123073
109206
111640
100158
102586
112046
123911
105747
103067
117038
111717
100509
115277
117349
117270
105667
107117
130959
108601
102073
104365
126375
124587
123511
127863
116860
111053
129898
102868
108807
128904
107881
102029
130556
124302
109034
120208
125599
105698
116086
103060
100313
114330
102746
115712
113547
112100
112032
128265
104994
123719
128829
123675
132716
101675
128652
103035
132010
113052
111099
103978
126438
