117017
114962
123001
104321
127267
126143
102991
131746
118806
100392
117653
104337
107844
117216
117469
111527
118139
130327
117227
104358
130112
124360
106778
101777
105048
111923
113148
106688
126349
107150
103745
105523
126382
130040
124890
115495
125656
115630
103262
128999
125172
109953
130476
115941
119937
102536
101330
130057
128148
106770
115757
122953
114204
100062
121810
101754
126059
107407
111405
103013
131826
105818
132584
127262
105548
131586
119310
129425
109183
103942
113265
111198
101502
107545
125001
115687
105714
123090
110621
104870
106041
112293
130535
110021
108463
101906
117875
111336
129069
124444
109576
102478
119248
119037
105546
123928
115452
108824
114015
131048
131232
102959
105553
103342
112059
105174
106163
129727
125983
102951
119176
122664
127605
124344
106336
108353
123777
105418
111044
123269
111271
114115
131540
107168
123310
116447
121903
100810
115653
125730
121875
122708
127427
117393
106950
131456
119731
124065
116788
103318
123792
122864
122329
107316
101709
129587
124129
112614
118808
111727
106126
131318
132320
102253
107995
103814
126485
126056
105823
129755
128175
124424
128115
124156
112241
112020
100247
124284
117103
129123
106514
130196
121038
125331
104153
114805
130763
123902
106162
102107
131070
114794
129433
130278
117728
123904
105827
129318
124556
103168
101281
119796
106434
121778
123079
107017
113457
109984
122510
109897
126454
127234
128406
124896
120160
111226
102992
103824
117494
112385
110875
106313
113083
101409
130477
115963
121008
125030
131509
106920
126619
126991
108222
112061
131847
111112
102231
125858
106636
127261
101233
117392
101456
101736
109576
117667
104142
107019
113158
132400
125398
109349
103524
106584
128981
116734
113042
117981
127063
126341
131097
108341
122314
105725
115327
115933
118917
127731
131690
121584
113417
107123
116489
111352
123782
110715
113328
123396
102049
132016
117698
128507
116596
105552
120020
101679
125142
100456
102415
101429
117725
124999
121302
124405
114594
104242
100009
109053
110148
117849
118858
118043
103216
116746
106014
122922
108191
123173
109781
108844
123488
100048
121166
119449
115671
100971
103092
107767
126790
116167
112622
130731
104523
127378
123958
130575
119722
114710
126727
102852
112205
102436
107325
123722
124297
117834
127352
118733
130211
117324
106945
123714
125843
114386
116848
100787
111367
104799
131660
125655
106923
121986
113653
107494
128680
116304
100479
119723
101738
122129
117600
109787
128679
111674
113036
131749
107165
130460
128478
131978
131227
113370
117946
104047
112578
107296
119537
101873
122125
102674
125924
108024
117391
101635
129773
130959
130044
116584
115706
102131
103531
104332
114555
110569
127322
119429
124287
119893
126707
101990
111641
131337
115086
107958
128265
101595
100470
102177
132760
120314
130544
122222
109508
123266
125049
129969
108445
104781
110928
129474
108527
105485
115764
130285
115489
119703
105583
108779
101725
116098
107283
103697
100594
119281
115332
106952
128502
119981
119606
115261
116015
121975
116152
101978
111156
126108
110066
110836
116943
130249
103339
132678
121254
109345
109646
130718
107034
119949
123373
104790
109424
100179
117638
101382
107822
132075
129669
125432
114376
114702
115083
122844
115836
106511
120942
120765
131963
121454
131457
104756
112969
113067
103445
113116
103014
110680
102463
127493
130094
127858
106460
108973
118270
102129
108755
119212
101784
108702
119962
122158
119497
124197
110844
126822
101961
107371
118297
102785
112610
131617
130478
132313
108500
123802
104342
132460
106361
123865
124817
102540
116005
128239
108613
132056
104272
103812
110466
108650
105207
120243
110538
130642
117055
106011
111377
121923
131164
126258
111297
112525
129969
130781
127233
108619
104248
102974
128823
130526
123429
115149
122315
128922
115910
106923
114991
128446
114094
104499
100380
112298
129554
107729
122654
128076
118131
100631
101714
128476
117885
100365
132718
125385
102192
110537
122371
105459
122429
123200
131071
121882
118707
100956
119414
108694
104154
116303
107682
127305
101215
120870
102184
100051
109490
111521
108956
100868
106157
100418
112968
126871
129142
131748
113961
125981
116390
112654
129851
121911
108459
127048
127735
130312
127339
115117
121113
100586
109353
111490
131238
101472
122541
121478
120110
100173
132255
107466
117326
110179
102453
115139
124026
123101
122382
126878
114425
108145
100957
130771
111409
117120
127561
123645
132389
123281
124052
110569
112956
123389
116091
114157
128836
131307
109022
125051
106166
100991
109985
105205
127036
128079
100690
106435
127088
115991
109324
124324
124903
107693
120475
110401
107630
108599
102624
123144
122771
110235
121463
123191
126568
123191
130456
114231
106115
109779
127803
102188
123977
116435
107392
115402
114285
103089
132429
118890
127667
129963
123193
130909
100346
104121
113577
112768
106873
106690
109112
103952
106313
109839
104541
107968
108579
104448
114504
102665
131180
102910
120076
106434
119406
120496
112387
116976
117737
124018
103278
116191
111818
116739
120413
121714
123706
118909
122319
118199
110810
114571
112921
111038
120141
117206
128908
102828
117240
129984
117330
104203
105221
120405
130457
110436
117166
112766
101620
122640
107448
125048
120573
112203
111677
119173
111680
105610
111023
117218
128340
124431
101658
128248
101451
124858
100009
103894
124237
130338
125804
124383
111231
111844
122968
115648
110377
104251
122512
118438
106009
113361
115939
115117
100162
105429
107157
107419
129193
125262
106338
106190
118402
113839
107712
103795
116373
126891
109669
116217
123623
132170
120841
103365
122775
119613
112237
116776
114694
128111
121244
122766
112442
103900
107120
112376
126853
111782
124249
109996
128353
126053
117850
102186
117151
118975
105044
121187
122561
132410
111495
111398
132516
100173
102230
108251
101730
122557
128842
128371
105078
108583
112474
103839
129313
110040
107370
111424
126733
131813
103953
115487
118833
119929
117919
130783
121588
124265
115807
122160
106389
124942
130329
121413
128714
109139
115931
107655
117671
116749
127225
131467
113858
120715
108627
130881
120981
115822
107222
116079
129315
117947
131654
105310
131807
119855
108602
128468
101065
131539
109928
106817
108506
121808
122402
121917
127906
120195
122913
128562
130608
132052
124290
116310
112946
125892
102670
102109
106077
106310
126910
106604
103695
105552
109438
119248
121651
107057
121650
106480
128358
127269
103415
100864
125527
108583
106411
130552
118132
111878
130223
125253
122051
101051
101099
115134
112141
102906
100883
105177
124738
100359
118057
105247
122393
114635
116548
124381
129783
129319
120207
118045
117522
115336
125588
122836
110038
104636
130747
108637
125320
112900
125453
110374
127785
121194
101182
103850
126365
113492
122859
122271
107532
117850
127520
110704
131977
117077
114461
113389
120817
104376
129882
127298
118806
117028
120776
118565
101661
130358
109658
125012
114981
103844
109508
122175
106794
127112
132227
100353
110120
105723
103197
128405
104835
114150
100778
130887
116902
102165
110739
104552
113642
114829
107674
107590
122042
105504
112154
125020
128758
108862
118160
126661
123284
115470
129371
126199
105101
119997
100544
131757
121335
110615
120881
124197
122990
111188
111311
117388
132281
109364
126253
108983
115883
113230
105815
107027
122182
104100
103443
106463
110119
128124
129894
102552
125982
130411
114266
113589
124700
102067
105983
103317
124754
111055
104368
103094
124311
131915
131223
129319
107274
130009
129652
130624
123897
118690
107929
117392
119298
120794
111673
118295
117112
113303
115427
116405
103945
115939
105034
101091
123549
109327
114247
126113
123008
107339
126497
116911
125380
102004
129547
103936
107233
107309
102894
100716
122783
118577
127337
106917
118582
115432
101655
110444
111539
121656
107792
110085
108701
122269
123058
131048
113881
113276
120737
123833
123851
117172
109580
111994
131518
111991
105010
118784
104326
100184
106789
107171
119139
101284
108750
118586
130345
130806
117042
123975
109470
113158
104179
100206
131364
118722
104730
107564
129432
119200
117779
127685
107385
110130
120313
125822
104013
122363
118805
129549
108608
119425
117153
132430
108303
121763
124881
106295
104484
128813
116500
127246
115715
114346
131479
112601
102628
124793
130826
124183
127137
100643
127400
112557
124371
105964
107633
123171
123960
127400
130746
101136
102489
127696
123112
118995
107113
104917
114297
131460
127087
121524
104772
114219
123816
120011
115201
116783
122150
111851
131595
103441
118206
130478
103013
128089
132385
109067
132091
127185
130121
122407
130347
105970
106263
105070
127108
100508
121146
107747
110798
100874
125522
105652
132682
104452
116053
125970
108859
124246
130866
101439
116132
124546
102581
118761
126036
102066
126891
108470
103712
121072
115526
103712
104048
127385
112579
114563
112125
103439
111945
122740
112344
127151
130581
128085
100527
110339
128980
129062
130124
122936
107600
132510
106846
128466
101711
107643
110972
102558
108472
110614
109671
113640
127480
101434
100751
125167
119204
105526
107225
114326
128096
110641
113824
102748
112639
122046
118522
104334
122348
127153
128060
110012
101832
130352
106688
114537
125780
107533
100325
108550
115602
106579
119384
106530
103719
113950
100754
101083
129028
110256
122018
112536
108613
131522
107053
125946
112729
103704
113587
117263
110180
119128
114195
124617
102625
103196
131922
107695
108172
129862
100760
108243
126335
104852
115579
126980
101787
107892
114048
131652
117289
112921
113887
103037
112321
115406
113543
107631
111467
106634
124258
107245
128005
104901
129754
116809
104165
109451
113820
125709
102079
121551
115868
131819
123848
131329
127065
129527
102427
116451
114786
106004
129884
115096
119065
116396
121244
124413
118967
131749
127357
116285
104080
123536
101783
118176
114585
111395
105754
126628
128039
113641
116660
128847
113401
120376
129205
131011
130425
127076
107889
108307
106815
119090
119525
102997
121559
110479
106142
123385
105924
127618
118487
102745
118212
109920
110050
128144
103766
109631
111817
116880
132474
107692
117044
100719
123576
122529
103053
131842
115555
125361
109155
118701
123679
111238
109580
113017
118689
101517
124815
110951
119478
132080
113601
119045
114055
101317
121773
105022
129307
121989
131897
125302
131101
104127
122631
118231
108000
130573
109466
113637
118432
122952
118714
118361
130315
130296
128537
100652
121087
131342
125494
119538
103318
125654
113794
104553
117856
125479
127426
118354
121839
102621
115124
116095
108441
124808
108789
132398
123513
113254
119330
106389
122807
111247
105021
111806
121353
102256
111699
104341
119930
103546
110684
117056
129131
130843
125283
114350
103639
104686
106215
107635
107227
113199
114048
103635
127861
118897
105158
128028
125580
114067
108654
124730
125744
107248
123574
104581
121124
126166
130564
114397
119705
111162
104393
105209
101693
113833
126636
122620
124276
117890
124389
111689
108261
126307
120806
119705
102201
126689
130113
123723
132127
120188
124102
102395
104852
120785
120299
103253
118113
113682
130674
105771
105445
108980
119365
119494
119316
115559
101541
120954
114880
105803
105859
104829
111896
123745
132654
115194
121454
115776
125231
106336
125245
128009
119153
121600
116586
121756
128166
115415
130506
116748
128229
103592
108261
110161
124312
130895
113401
120637
104341
118353
122178
100274
127115
127927
102009
129297
119200
123933
125083
112117
119128
129286
116715
110370
117945
118130
132410
105656
103341
116915
107878
130989
111783
117628
107041
120697
109449
111419
110579
122899
128966
108456
107906
125981
122307
124574
124946
110427
120708
131627
131400
101738
129156
115939
115251
114863
116964
110713
104333
126349
121800
117392
127805
128475
107775
109518
126753
106645
119266
132402
101643
125393
108926
102312
112649
102133
112629
104923
125674
109352
117025
108619
106493
129030
128635
121759
126492
132760
117819
102716
128745
132227
117185
127510
100952
123263
114996
123846
107374
125195
121449
102366
107080
107616
113926
128377
124766
104611
108007
112918
111625
111966
125888
108198
128067
100145
112388
104931
120238
131781
127238
114916
118745
130050
110175
126190
131518
105858
104591
124302
100495
128069
105191
127460
111538
123814
120486
101442
113162
103821
107106
127990
119928
113383
104617
102755
123297
110675
129513
122967
128754
121630
124301
119960
131810
119410
110185
126144
124023
108746
118360
124747
105484
125353
113955
118255
129361
106380
110245
117548
125587
128541
130093
130595
119102
117929
113956
114859
130976
117972
119536
103330
115695
121228
125975
107905
107662
125499
115368
108339
110988
108097
104919
123688
102254
119969
114407
117413
106286
127994
102733
126302
124803
102074
120338
102214
107363
106382
121465
118950
104902
104989
109026
105580
107182
125941
121582
118982
130404
100805
112612
120304
121860
122062
116307
104267
116795
107668
127481
103086
116048
106713
122596
127488
119649
104395
108247
123655
112624
101501
132591
106875
110494
113044
113286
124767
126261
107587
105560
112529
100844
121721
110308
112287
117479
112472
111382
132572
122878
109802
130082
119987
131007
100879
101299
105532
132278
110010
112965
112909
126956
102493
125135
120659
128173
110754
103590
124193
127374
112732
110238
130823
129711
126397
105586
101095
121150
115913
119654
128260
107580
107786
120618
115548
120452
112518
106498
127800
132617
119022
109604
120065
106591
117784
114785
121429
118909
125103
105480
100954
127425
131626
107528
102482
111668
111354
117076
104560
120336
112648
110220
126698
104063
108638
119001
103760
116134
120100
112665
115228
103906
124367
127548
130698
102993
132245
122349
120490
122517
110372
100469
118707
107476
130963
107229
104602
118531
131481
119379
108771
132197
124925
122832
115128
126030
112205
101111
132408
113965
111315
132159
104465
108233
111813
119380
131409
131787
107196
108219
113785
126589
111975
124341
111059
111057
119425
124263
100614
104357
103424
108599
100840
105285
118672
104057
130963
102194
111167
129867
119227
106786
115834
116925
116799
122695
125496
124726
109821
107220
111477
103443
114667
132030
102626
103312
110948
113087
114907
113132
104127
102049
100505
102344
101670
116153
101801
103889
130725
105650
123804
125854
114050
117132
107009
122331
125389
104931
104080
106408
120119
104309
124840
111420
121128
120287
113404
116174
119563
118183
111753
131765
113389
125055
123339
106958
100422
107208
124208
111902
121110
124502
128461
129464
102196
131699
100175
110561
120803
124198
110133
114291
119207
129461
103485
107903
115799
118888
102684
132150
106354
127888
113522
112138
111286
101832
132605
117520
120047
116091
113933
122793
126222
127398
129080
104289
102778
101343
119886
114455
111019
131991
100752
121439
130548
120476
111132
106532
131488
103137
119980
109202
107329
107906
100224
122418
130885
105219
114585
117847
118986
111833
106536
103610
122036
129067
122438
100961
103164
104921
101605
106437
121418
125886
124167
122419
113095
110386
122414
126067
120108
127187
109331
125096
126752
119174
126618
104823
124352
123064
113926
113259
122239
125930
114025
124824
101936
124780
130911
126079
124513
119912
121084
129586
129259
116771
123139
100537
125127
129152
121177
124851
116515
127430
105913
115264
104373
121250
125608
104991
126800
123760
102572
130580
123061
121270
124857
130957
109483
123121
104172
109444
123474
120725
132220
101031
129204
128847
131565
126135
127645
105357
100486
131886
107437
119104
104966
102180
112043
103392
104851
108147
125212
121777
110835
119834
115732
123206
103934
104415
107341
113219
115795
100665
123254
111463
130891
106860
100557
101321
110635
127222
115440
128353
128158
115754
129776
130763
127330
129819
124328
117320
113985
104635
123981
112134
129091
118084
128326
121249
123682
131031
108349
130281
101118
105315
115318
125926
122194
107209
105567
117785
112679
118846
117097
120581
117383
115696
106775
105966
121141
132588
116820
113377
113563
122687
112138
103156
107780
118363
124400
101839
101899
105149
109988
124523
119379
117709
124921
129306
120441
100102
125586
111304
117319
104790
129456
132480
121643
110536
110152
132658
125671
131936
131673
104371
106121
130118
128892
116485
121246
102440
101309
113881
129443
122841
127145
125010
124348
120894
112808
116492
116393
121450
126605
126557
129781
110344
117612
113114
105328
116985
130731
115485
107488
105279
113756
100038
103412
132634
132554
121536
105593
106352
122962
104902
109776
121458
126581
108581
128160
119421
106283
112067
110024
113982
124793
123232
115352
116762
113221
106780
107584
124109
111210
103481
124296
117073
107272
107043
126402
108289
131613
101037
120829
122110
123226
117662
119420
109010
125231
130924
103015
106579
100905
104775
110527
123850
120957
107097
130455
126805
116197
121933
111234
126090
109994
126222
128328
122205
124674
128977
106973
105796
119197
116565
121491
130457
102523
126313
113038
131391
124672
129968
112248
129928
126026
113057
103543
104022
100546
130001
126044
131969
127473
131189
108318
122233
104598
128290
130182
129837
113909
100824
117291
113451
105841
111935
120481
100872
127837
101936
120046
108546
111120
122487
113725
127460
113719
119512
116695
110890
131952
126032
111438
112486
116244
104092
100091
116962
122707
100352
100523
105095
122247
118337
107670
124669
119490
109811
123537
122644
103337
110843
113540
129379
120966
105804
123677
124207
128152
103668
121286
107662
104366
108124
121557
102859
118260
105419
129795
119821
111116
111917
101152
100148
132448
110355
103173
105220
107191
113402
129225
109957
130823
117968
108600
124073
109706
123316
118400
101168
103444
107518
130606
128201
120996
102527
118617
126330
104761
131338
118813
112705
132327
114738
121164
123132
128297
100950
105311
124294
131705
106459
128947
129571
116510
117945
129522
126238
115782
100665
132558
126384
105812
104445
101622
113188
105851
116032
123202
129337
113548
109407
128817
115400
102412
106648
109718
105382
127370
111122
124814
125132
109359
118814
106933
105909
131479
102333
111514
109064
129503
107874
128112
125559
104192
130297
131590
106727
131419
103207
115961
112593
117909
127956
132392
120040
118692
131559
107112
130812
115498
126032
116089
121630
104962
128076
105785
115973
116761
125156
130072
116400
125824
129975
125388
111437
101311
119546
130374
125274
123755
130237
103140
131082
124923
108400
111336
123882
132055
115621
113705
108228
112306
127768
108296
100035
102426
125164
128166
127193
112717
106295
106068
131678
129871
132545
104779
118266
100921
101897
115358
124868
124628
112777
116588
130219
109926
100155
122202
129302
110796
129372
122688
131783
105673
128112
107043
117253
103070
114310
104036
128506
127963
126397
100662
110682
118644
127239
105045
103493
107799
103981
113142
132207
127677
110868
115449
109694
114816
116798
132454
111027
106156
125587
120087
120525
117272
103010
127154
104234
125623
113059
120027
130352
106602
131967
118695
112619
119320
106258
125011
111607
127745
116591
126774
113569
111183
132324
117236
123465
116974
103296
118773
114443
121246
103123
117525
113310
104263
123637
127133
128123
107916
119498
124531
131906
124834
131971
108685
103514
110947
107880
123563
110296
102046
127445
102982
105891
103602
132739
132291
115925
127579
132617
132589
124516
111051
106915
119458
104961
123133
127025
107468
130112
103494
112259
124308
121082
128813
132307
126674
120048
122748
118163
117959
121520
104087
121194
128782
118461
118029
113785
131024
118506
126061
110818
103480
131335
113499
129675
123174
111807
100322
112671
110632
122049
117772
116054
118950
107294
131248
103031
106844
105714
103052
103707
118285
123207
109971
112179
103798
100150
119432
123212
109442
118607
125644
104722
101308
130108
118389
111891
118793
106144
127135
109766
122775
120901
108039
103372
100881
121463
113110
109429
123669
107435
115898
109958
127463
114789
129595
111674
100711
103256
122957
123782
121920
125134
107809
112545
106851
121162
100161
105668
122036
114540
132060
111663
106498
115990
114526
125548
120893
117709
121924
115415
129763
111714
111663
130142
108476
117201
108343
127878
103111
119657
128385
124334
117364
102957
120596
129432
110099
109947
116200
110885
108685
119531
110144
108640
131922
101754
129338
116158
124306
104424
107941
114597
119728
110174
123666
105258
115444
107348
123694
100383
103808
113586
120143
114253
103045
103989
114764
114686
110262
107029
110226
107967
112893
125157
122996
120675
114541
110522
129219
120395
114809
111503
120735
130277
130147
132328
104332
120691
129783
116406
123081
129550
104824
119931
100061
129002
111835
103342
107634
122843
115763
128097
108902
123416
128877
124193
102176
131904
110141
114206
108320
131226
121688
124812
112602
117153
108516
114504
121797
111296
125740
131519
120495
116058
117401
113164
120147
119053
103902
130400
117549
107064
111474
128423
123533
131514
110915
130920
111339
123389
118185
122605
110970
122164
101528
118949
102399
125152
109851
129222
130532
123545
103165
128566
130952
121355
129225
105644
118746
113727
130550
104979
131110
115740
124251
101167
117295
119853
104425
115586
116861
105892
114584
117873
100600
112799
102050
122787
110006
102827
100080
123050
102418
118918
120273
104933
104958
105514
104434
114852
117146
122886
104843
132238
103173
128655
124630
110144
103538
122103
114885
102711
118911
119868
117236
120048
123587
103269
131037
121165
123558
126729
119883
113211
125046
104976
129809
112274
125111
123837
114683
130621
121274
104173
129285
109466
120689
122521
125131
125987
113025
119714
107841
105551
118681
104398
120484
121523
112642
107021
123568
120429
132216
106498
120852
122050
106809
102590
110115
125446
111195
130255
109772
115132
121698
126841
102604
119295
107794
103747
114722
124449
128386
107446
107203
126097
118386
126561
127888
119810
116190
118048
105861
115657
126164
112542
129331
111495
104578
113177
130672
108041
115091
108389
114253
101228
126396
109620
112968
102021
120721
108436
124355
119168
116894
126137
129717
122310
121267
119293
119456
117541
101759
110885
129731
123435
129376
113894
115344
114130
127098
118696
122720
110691
124167
104329
129126
126868
127981
115621
110305
117747
118422
104085
128662
128904
128764
131637
119422
106422
131587
110762
117180
122467
119820
106148
108753
116313
101319
109281
123667
102123
102216
114419
108636
107227
126814
128322
131839
104059
103712
122964
102912
117011
126408
120652
111492
112003
100549
125873
111494
112169
121867
126065
119500
114693
107182
104998
113177
121115
100783
127127
109989
118297
106262
108930
103626
125754
112448
122009
109056
113770
113787
123082
124683
104619
105680
119491
131443
130231
117280
124086
101173
129255
131187
121689
101304
112211
116364
121906
107778
120635
122049
127249
104748
112294
101897
124126
115731
117576
104279
122260
122193
111017
104742
120718
104044
106884
116565
124418
125260
119405
117558
122059
109299
103351
101346
116587
112232
105365
118991
119120
115700
119167
127652
131926
114833
104408
101963
129678
113056
121037
126536
130110
110810
121472
106058
101160
126089
106086
122112
123407
104440
118765
122926
128888
116776
132707
106240
126638
112836
122387
104094
104968
120151
109745
113920
127598
123581
120056
103940
108570
122072
130449
106174
110748
121988
110391
131855
128545
104908
106009
119161
101364
122462
107135
106801
101445
130108
107697
122486
131882
105653
131093
110882
101091
129940
106903
110975
130402
123543
124237
122715
122635
129314
128859
102239
124600
113717
113685
115356
116480
111260
131940
105575
105657
110949
101227
125543
108219
115863
104042
127724
109287
102433
104418
130434
109672
113937
113914
117191
120633
116486
119841
125049
115943
114152
120821
109267
130713
118742
106851
105498
122957
110432
132368
113011
115044
109047
122872
121847
132705
131745
120662
100617
131054
124146
118723
105703
113440
132151
122785
131968
108283
113396
114874
127878
111417
114321
132389
122819
117831
113488
103274
103088
120977
126082
110053
108612
105215
132347
100720
121354
106175
129987
112444
119158
102470
102670
124416
128121
108433
106350
114262
122963
100273
101704
122465
100009
112518
127621
112820
106711
104395
116361
121455
126343
129618
109161
122027
126083
114321
107352
132377
101575
104286
121187
121317
131291
122359
110175
109793
109919
104005
114975
123359
124391
100450
110826
128094
125962
103256
111915
131178
124086
105772
122219
119485
112582
115739
101757
115754
101847
111907
100856
123964
122967
117701
108779
112410
118750
122634
129739
101037
111810
122820
130992
108293
105958
109590
113857
122361
111058
113718
116205
114190
108041
101490
102365
126107
114838
125041
106022
125738
104425
129980
123330
117792
132321
117628
121793
105121
129834
130438
120892
129454
113609
102548
120203
114320
103925
125397
125879
100986
109097
121769
116786
108394
123767
100773
102854
109648
105247
118238
116940
109682
105056
131940
128926
128527
126606
121356
116559
107586
115557
104307
117913
100394
112541
125247
106774
109896
122814
109736
105651
130344
125750
118584
115555
116292
106409
109774
113424
109093
106120
102121
122327
112331
108773
110883
113780
110415
120198
126716
107771
116679
126264
130777
131530
120938
123237
122445
107707
117749
102633
119702
119454
118093
118562
108651
107238
129125
123206
131573
100258
103010
124410
129563
102831
101629
121632
122370
116012
121129
112112
112084
102959
118006
115018
129473
116150
106678
112202
104516
100065
116574
115486
111016
111710
108079
128020
109770
112164
126869
111351
100640
104292
107855
118940
102906
130236
132560
117944
120584
117423
125157
118772
101917
102482
118681
101444
115250
100935
109398
128884
127918
119279
106572
103428
101861
101596
116502
113717
120286
110725
111003
107364
112217
110142
112435
131479
101648
105319
117772
105814
122174
109027
124875
108476
101214
132300
114550
106189
132661
124260
120465
109066
131346
128079
109447
107843
107349
117504
131916
118189
119086
108914
104513
116020
127399
111640
110680
122898
120293
118294
122488
127137
107946
123825
127779
132461
128287
112900
122966
118158
124881
102645
103600
104245
132345
114792
102871
105604
106752
131507
115224
103075
131138
105553
119117
110352
104211
111834
101636
104246
101119
121138
102365
126530
121174
105729
113716
128306
116457
121444
117248
127278
130318
125667
125947
117788
129002
126114
118788
107375
109039
124891
130753
112959
129187
125067
122504
129951
128675
122988
122240
103979
130792
124196
100099
115168
103754
106172
100423
116529
110658
129619
124990
124502
118772
128276
128698
104936
132717
103269
112341
124843
120105
120929
116880
111531
132056
119177
103866
117130
119905
101046
116244
102424
112680
130643
114354
105252
125581
120264
110756
102290
103605
101945
129750
101806
122508
120177
123701
103872
102666
111385
125715
105185
110006
119342
115405
112652
106345
130738
106667
113528
125013
109473
130823
130085
127301
103718
132530
110005
122406
119567
107155
108158
101319
126847
103825
117725
105181
120290
127924
104653
109642
110118
124294
127672
111263
129065
107712
114829
130271
129901
130338
129042
122502
122643
119971
103804
104649
130567
130762
110909
125216
117624
122716
108573
123138
121739
106551
100748
125679
123984
130686
114742
106676
117493
127734
108761
120555
102713
113072
101203
131521
112420
130281
109056
120572
124149
108334
121666
119100
127325
106692
123233
129152
104426
130118
128150
103405
127942
120464
111458
108747
103073
126428
126244
125649
111596
111659
129771
131490
100424
123111
105097
116631
132414
116166
131049
124351
106800
125681
102562
127268
101263
112230
130507
126288
111951
107162
110610
120848
114072
116835
113160
107128
104127
114710
115903
113447
128884
105964
109207
101837
126013
101803
111701
105450
105763
119170
109685
103128
105386
108596
113858
131851
118023
122489
117283
105624
115854
102305
115384
103668
107114
121210
102949
104958
117392
100212
110638
128576
100342
129283
130437
117362
126975
116549
123615
131136
105018
126437
124493
121422
131149
129855
109258
116088
105004
101316
101904
118622
101007
103584
121009
124448
126882
115099
111714
116070
109566
125501
122010
111780
113624
123446
114012
129692
125560
108797
128080
109092
130029
113846
124953
109609
106240
103513
125411
109300
113510
132369
103739
115372
127034
104162
123428
105244
120490
101519
105831
118455
122096
107195
113450
115417
118148
117326
112580
120144
120463
123418
129744
131867
107939
111551
127104
126065
125866
112587
118069
121350
122141
124198
110412
108425
131703
102318
103226
112497
126184
104990
118235
119801
107341
130868
131335
106857
121696
128531
114279
132504
119596
112102
117894
108719
122565
105670
115243
127791
130613
114142
125927
109878
102329
105164
110570
107262
127534
101451
123930
127654
109510
105999
117351
124725
125183
123377
108376
132316
124886
130636
108266
109179
107319
129959
131995
126055
119481
103828
107458
101483
103048
103127
106785
111372
116642
125131
126653
118289
103495
110082
102638
112707
127146
106540
105394
102002
113645
115002
125766
120248
121164
118723
117496
120578
109977
106150
130615
119755
102632
102385
122860
129067
100491
112385
101389
110097
122177
124395
116590
112076
123306
109083
104923
108497
130302
130107
118373
115640
118271
108375
118265
110727
129580
109374
100407
102963
130360
106027
122496
104548
101562
119204
116049
125561
123942
114339
102352
103628
101628
130292
104869
121655
128831
117214
115467
103639
128553
123397
127783
128271
128285
111247
103576
124368
129245
107910
114767
120600
114941
101757
101025
108473
105880
128119
108186
101212
118081
119300
119701
102853
128828
126125
117001
111449
103919
125586
103590
100061
124307
120146
106145
132224
109359
103723
116812
129564
124871
108387
121065
103609
117712
103398
109760
107347
130792
124464
121455
128733
102340
109933
115330
131973
106602
116703
113987
108346
107168
130433
121555
113003
112804
110058
125306
116754
101917
103795
112188
108018
114002
126364
113581
110108
103578
126124
111366
123064
118803
125080
113527
113922
105367
106790
101311
130195
127212
128338
123387
103394
108091
100337
107963
105482
114884
104340
127067
100814
122831
101807
126865
120282
119782
100603
120386
129611
112193
124696
118682
125298
103554
102775
108635
123349
132259
102775
107125
115575
111916
110542
108248
117338
118185
107307
117126
119361
111451
102938
119788
100282
132654
125991
117106
109148
125419
122438
105041
115790
126895
124530
129188
129801
111516
117397
132035
122206
131790
128680
114124
119482
105872
132635
130946
102313
125392
130167
122459
111513
109009
127298
112852
127969
101152
111395
122120
129025
106953
108102
130433
117547
107466
123394
125006
100099
129224
119225
111701
105380
127489
122112
121067
121059
114306
121600
123810
105687
126874
120092
114786
117657
106894
122069
116668
128072
105614
129258
100218
116560
131560
126403
129403
115180
121212
124175
105662
111338
103280
112813
107708
130223
119333
124104
111355
112762
102505
124231
118496
106221
129006
131684
102341
121289
130042
118938
109899
107257
101473
124869
125425
120018
128177
103813
101350
118681
113580
102115
120860
120901
104187
124215
115614
119943
116512
115273
118563
100360
126893
110518
114915
112370
114611
126357
110761
119217
130686
105563
105002
101883
118911
114172
125333
102669
116874
119379
112235
102200
104770
103108
106641
132253
129745
102688
132004
125749
104668
114120
128140
102932
105653
104726
114004
129518
108499
103416
117560
121562
119424
123870
115456
112470
131794
118231
110477
106635
110556
109814
130738
102355
124197
112635
114757
129401
105050
117295
121717
130240
111423
111504
110173
120102
113643
119854
117722
127209
111925
100053
117658
118987
132458
106220
122998
103698
123201
130461
108802
121812
114960
131639
126562
119921
112191
121296
116063
109665
111869
127534
116154
112944
108083
103400
117695
132038
120246
124872
129054
104684
102593
125812
123383
115468
100514
104781
110388
102712
118195
116632
100123
118638
128652
131804
103203
119835
116599
124810
131591
116445
126501
114403
114970
115853
107935
123671
122842
132221
120446
110250
119239
123646
100191
129820
131702
128294
110994
127689
126945
100816
118290
113166
114433
113635
110266
111533
130719
129496
128949
124019
101479
108150
118071
113176
118846
112352
100714
112998
115157
127442
102060
120733
126078
111656
100855
131863
124223
122528
113056
106280
124709
119008
101445
128840
100827
103867
109569
126324
116347
107696
117217
124881
114340
122035
114076
115091
129485
105521
118142
115485
101593
105038
111270
124265
122859
124273
109937
124075
132731
109314
114230
124465
122282
109682
120372
112014
124114
132476
103624
122103
132194
108459
124132
105709
112361
110365
102076
100125
116848
128134
102850
114820
106509
131191
121557
110294
116661
115681
109237
103713
108114
113109
114875
123821
106517
120461
105927
114472
102670
124848
127865
131839
120314
117202
103332
115471
120668
104250
127999
102525
117455
111593
104990
132578
106138
121560
132001
122540
115589
102528
122540
105921
116971
106143
108183
100197
130833
130362
129254
127581
103350
117982
112251
111700
122091
116268
115978
109951
116261
115349
132302
112509
103313
115297
118394
129921
126887
103414
101747
127922
128770
131159
117308
105426
112239
106731
112945
103710
118596
115328
106873
115062
112115
129423
110646
104894
114398
117697
101374
115588
126317
103091
113807
109027
112990
130038
113342
105895
114269
117339
113841
114865
100821
113773
102990
114846
129797
113726
108019
107683
125270
113767
128360
111291
132332
124490
104210
110597
107899
130458
106345
131175
129884
105758
129708
125304
120544
110769
102099
130205
129508
118926
113093
126066
108453
123338
131019
119147
124630
106530
130628
106939
109040
128247
128667
122996
119242
114583
132471
116720
114281
127678
121393
127857
123417
109405
131723
117764
101052
107673
106143
113835
120163
109847
102677
127418
131099
131447
130969
108418
101898
110622
112524
117805
127418
125497
117498
129257
111028
124414
129485
132681
113489
112181
113472
114663
120781
113400
129942
129871
128925
102327
123403
103960
116738
105087
111371
106324
116447
106619
107170
110635
116936
132027
109364
112578
107867
101940
113774
114274
130515
126472
120444
123862
119258
116488
124284
105748
120479
130423
127283
128288
115753
106001
128255
120110
101611
100172
128013
104455
111512
112606
105932
126125
111416
124543
104098
117826
109948
116464
112861
100134
119630
106556
123372
109920
113581
104510
106447
120383
105656
120931
119500
101184
105224
126898
104292
121395
107331
103945
101509
119450
131566
111785
117249
127570
109955
120820
105279
116085
128708
126582
119345
114046
103246
129315
116357
132014
112241
102623
120096
117423
109631
124228
127944
123768
109283
104607
109856
104816
118325
105787
104666
104918
127371
128995
107560
125536
121809
101282
114291
111394
127452
119501
114256
122802
123643
108867
103088
121738
132047
101364
103510
126381
117597
127392
101263
128910
108130
106721
114205
105261
103654
108396
104820
101507
116244
120468
118057
102944
108105
125200
125351
129299
103275
112125
120612
131082
109436
103719
112851
130490
125295
120964
102491
116353
132154
130817
112009
103754
115756
132225
128577
129970
115329
127779
127675
105833
116532
104900
100844
113370
112916
101318
125505
118542
119834
118287
105107
115917
104954
120148
102232
100103
110840
113047
106518
127091
107773
115438
127262
122486
114410
111495
107894
125766
124460
127721
126231
103247
114833
130684
115544
117206
132185
115532
127403
114908
110737
115978
109191
124997
106396
112212
118949
124985
108563
124469
114287
105163
114639
108272
106934
116952
120131
102905
114595
110130
119567
118085
111856
100606
131539
112067
132695
112731
113729
103211
103755
110149
108919
112886
117991
112824
127371
112813
105252
124440
106599
100711
100942
100560
109271
116878
102073
106042
117216
128993
122032
105663
106580
122047
121518
126271
122531
124066
132049
103346
121076
111338
118411
117520
115572
113628
125851
104559
100590
102634
127291
104811
126877
115252
116379
102859
131134
129360
123791
130146
123752
110918
112772
107314
108832
110559
119481
131800
110249
107552
102572
130340
104089
101905
129746
106247
100146
119747
103562
130482
107246
108432
112980
126716
126812
107429
121406
106756
106027
114366
110496
120088
126084
130609
111369
115158
101534
100654
128377
123025
118156
131397
107985
109047
128345
115752
121735
132592
131414
129715
129438
127689
114867
104745
114134
108433
130381
111809
118816
112067
108231
119393
124500
126502
111580
103081
118822
101618
110067
122675
130903
127284
105204
130329
122920
123763
112987
108728
103956
110484
115339
106164
127166
103931
108388
112189
109865
120819
129815
127120
120615
123728
131129
106944
122644
123219
101399
104118
112579
109773
111690
121974
102585
127879
129675
101541
131225
100066
125640
115528
111584
106427
122743
106959
127954
104849
122922
131922
104885
125162
118371
116250
115260
119026
119978
118371
120134
105574
117726
108128
112073
122288
101065
122752
110088
129620
119798
104688
125965
132490
120263
118625
107091
110124
127170
121355
106691
115667
112684
112882
129505
104254
123097
104552
100424
113139
102978
110035
125012
123176
118232
119216
113182
126947
123032
129752
114605
126049
103136
130818
109418
124085
100993
113802
111317
100017
103189
102769
113015
126729
114835
115620
108567
127926
106528
114305
115761
126361
125736
117143
105380
116065
127150
105645
121003
116654
108768
128262
102926
132214
108271
102372
125850
114089
122141
110155
105166
108816
124696
132615
107479
100731
118406
115697
123583
123675
130529
131949
111841
118573
120197
122679
120480
111320
104199
130912
117080
122201
105161
116883
120213
119133
132043
102557
130435
114094
124356
130092
127910
125202
102770
125399
125387
103793
129838
101983
117823
106037
126915
108085
113982
120310
101248
122940
124078
124759
108428
124367
124942
113963
110970
107526
106153
112093
106781
113205
120335
108046
131230
111030
113349
126591
113355
123625
112956
108850
107442
109432
125696
111052
126831
121312
123954
101694
101186
127533
128312
128164
101605
110596
111795
100205
109596
125415
124337
125117
129677
113077
101925
117775
118226
102000
119188
111903
102349
101187
123920
126727
125243
120772
108906
130728
129676
116086
119972
103499
104179
126610
105381
114824
112057
111111
119600
127080
101846
110783
100119
128198
102338
110628
123564
104699
110985
132579
130425
101562
114974
127215
122929
107832
110833
132042
120294
113040
103107
132096
122235
106087
111801
123636
118621
132299
103600
111582
101230
114785
105937
115477
115522
112832
124005
111242
111758
100888
119786
114581
124893
104727
131942
103925
116613
105997
107515
119826
107226
125774
114108
107652
127393
127704
110271
102617
125896
118581
106611
127379
117076
119715
124724
106353
114330
124787
131101
117232
100530
110767
106782
104208
106025
119295
102222
127067
120822
114637
110466
106788
108207
127144
132382
109069
108541
126182
103211
126412
110670
131470
119722
105262
105673
105077
112936
129115
131463
100262
126611
127837
100352
111111
117068
105436
102851
131898
106877
125483
127851
132290
132269
128905
121806
129639
128658
101280
113527
130011
111654
107346
114775
119197
109821
119989
113079
104734
108245
111708
129137
128035
114543
106457
130912
116586
114845
102783
104469
117904
129693
123245
106443
129842
104613
104392
106653
101715
107455
111687
101111
107261
108503
102133
107339
117035
110354
112178
129029
124903
100194
126459
127936
121776
132696
111724
122810
114206
114489
126851
125573
106953
122707
108583
100096
116070
107665
128617
112518
131635
107086
131849
104805
129430
116839
115260
115858
116224
123028
117676
119707
111384
128504
127937
108508
114966
121590
100895
114166
128876
115015
123248
108157
117420
104521
132195
128753
104870
107930
113652
116464
132560
101350
117487
101801
109292
111613
131759
127892
129508
117801
103724
126049
113401
119230
116789
109870
129820
121074
126457
119548
125084
100079
116428
118116
123650
127527
110632
123270
115258
122088
115954
121155
104691
130608
119551
111276
128583
117954
117207
123833
125599
131193
100025
132671
119761
114141
106975
131100
111756
106484
106754
129972
105206
103515
111393
115874
121491
114068
121215
122023
105833
118690
106987
122086
102498
105171
120387
128852
110321
112862
116027
109674
127480
102445
100443
100637
124394
106876
125767
131343
125997
119715
120899
112903
109506
111024
126454
120223
128295
118585
107118
107068
105852
116465
104293
107587
103654
100216
132035
126602
113713
123512
120420
117005
114105
102893
128538
131299
126346
108484
115446
128112
128198
105384
113859
110555
117831
125721
127700
110018
117382
131006
106752
102445
116923
118780
105962
124353
107334
126407
130694
118583
104782
128952
103128
104716
118696
106592
106495
105849
129786
114653
129907
131749
128288
107434
125835
108826
115150
102588
127298
122485
116343
109514
122682
108642
113006
113644
123393
113608
101452
129895
122260
128065
120209
125639
115745
122829
130446
121391
117265
111303
111234
105710
105286
112664
124931
105298
128417
102826
124319
112321
117960
122144
108740
111621
121638
102596
105949
106472
115763
107712
128190
123393
109557
122002
103490
127437
124871
115898
127282
123394
109657
112821
117865
112159
122104
132399
105526
112200
122895
129653
107778
111953
105710
131881
132403
130329
100043
103225
112720
120089
121094
131857
120165
120636
125106
109328
101545
100081
110416
119609
108638
122495
127709
117548
103673
116378
110352
114260
111747
109619
107485
104545
131391
108692
109885
101881
115597
126891
116785
105898
122638
129190
125188
105764
129801
103617
100049
108197
100877
125020
131142
129716
128216
129617
114087
109074
126072
118148
111638
105454
108464
112828
110097
115800
102301
127153
130364
106232
106393
129126
129377
115200
130144
125880
127157
105823
132722
120887
126301
113208
125880
104502
128048
102034
130153
123934
106687
112977
116527
101896
115346
113253
114822
105354
122805
129857
129381
111056
114804
113550
108833
100335
125026
112161
102030
119671
106656
102955
126055
123719
128859
128176
107760
122022
120983
116283
112857
118415
107563
131279
109926
102219
124173
104992
105933
104518
101840
122371
130016
119835
122475
118052
115691
103153
120636
119799
108512
104714
122189
126449
128433
129945
127957
100599
113918
114644
110338
113943
129008
127051
115701
109686
113509
105592
121359
106377
111181
128663
131435
110984
125011
132024
127659
106784
108481
102930
130040
104809
126621
125338
114500
100119
114456
125652
107986
118260
118570
102377
109817
127630
121718
132091
127013
101420
106867
115893
103454
103175
115917
131622
128909
122551
107529
110799
117948
125164
122985
131578
131229
108638
105743
112206
103182
104455
112996
130721
115803
114319
101051
122637
113668
117256
121138
116806
101569
103387
107481
121642
113092
106754
126999
101018
106814
127608
108617
102281
127012
113134
118187
123730
131891
116416
131452
111695
121138
114471
108893
100519
129655
129456
111355
131943
129452
101101
113389
131029
127443
121706
105184
128769
107912
121314
107249
123804
107398
105907
131674
104461
103533
101776
107345
113346
103875
122486
130605
122052
116280
130785
108491
122511
124718
115263
106288
104224
112504
123045
106095
127311
125794
106177
127693
127839
124402
111120
106532
124116
104302
111952
119685
132740
107806
115001
125217
102641
114259
130408
100714
126166
115369
114076
106869
121344
105864
130852
113315
129119
129777
121496
128384
124765
113015
114120
109547
126830
114059
131570
130680
125417
100861
111160
119058
121622
115136
104016
129765
127624
128750
120190
109947
124333
125707
116159
120612
120995
107662
113479
132252
117069
130461
125998
132584
110759
102425
113767
121473
118358
107226
132593
108724
119428
130108
110929
115785
121322
114138
111167
100451
127022
109977
113824
100519
101488
102377
116148
122272
113696
128839
107921
102498
126994
109830
126160
125294
106452
104272
115334
108246
112447
114792
122486
122274
131660
123697
127876
100977
101161
106740
106093
103780
106124
115806
109750
118071
125512
112072
118754
105905
125470
132284
102632
132415
104149
109236
104420
101852
101260
125732
105485
118067
103760
128187
102375
110600
123114
108518
122298
103636
113402
108183
116802
129455
104010
102724
115624
115059
117852
103730
121521
119839
117829
110579
128054
106105
109502
117806
101588
111864
118393
105374
112868
105952
104369
119389
131757
100015
121349
108387
129241
125112
129414
114249
131366
123150
128015
122451
115550
114595
115669
105134
114825
102833
118846
118774
125537
109401
123127
105212
118534
128139
116545
109765
109811
130341
110987
106454
131889
105567
122182
111278
127434
106342
105205
101269
130689
117575
120963
125332
102848
112143
107994
124613
114642
113456
124849
110541
111186
102183
109733
119974
116196
112220
120972
104098
110627
123722
104966
120748
115162
131039
122452
102097
104822
124454
112494
124416
121275
101411
125007
124174
112823
108287
101268
118269
129780
100709
100421
102014
110322
114987
116979
125620
113876
112693
125187
116027
106074
122006
117833
108649
119567
103417
120025
128212
124100
130624
109337
121108
102460
117610
117787
128714
124457
108730
119338
121057
129111
100629
109475
106259
124712
117933
111623
131759
123712
101340
123725
104602
128897
100690
100221
128148
110394
102259
113786
102845
126107
113915
103967
107608
131949
132324
110734
112846
125952
124297
105157
115702
107108
105227
118643
100499
132571
119028
110601
128543
117903
104218
112147
124103
122753
105927
118473
119478
111298
130326
103649
132758
126437
101280
122024
113492
129204
100440
116305
112932
114722
105396
117389
131014
116609
128014
128348
124423
121333
131401
115490
119434
127017
103351
119805
127432
106048
123450
125270
101718
105999
113578
123318
125031
117129
124791
108251
116113
104826
129424
115212
129492
130169
105859
101033
110808
104983
105701
107270
116342
120413
107764
112505
121210
108918
102267
111538
129959
106408
111350
123467
107260
103817
130551
109216
114742
132207
123336
123105
106134
127784
118866
121958
127204
122603
119101
116802
110516
110735
127577
123418
109800
102907
104253
105272
131190
112606
125998
118747
111212
127904
131138
100561
116273
106904
117444
129864
101133
116607
106459
113378
120299
128804
120935
119303
100446
117090
110892
111743
100579
132431
107826
114752
102502
116663
116587
114820
127239
114377
122775
108319
113181
118287
118373
126992
122235
110244
130267
123734
113139
122785
121591
108805
110361
129752
110999
123800
106057
115141
117654
115849
130284
128705
113208
118559
121846
120441
112840
114056
100531
116127
127871
113703
109252
100063
112040
126767
131941
101653
115458
128625
111089
114109
122982
123762
106919
112554
118697
120257
132270
127484
115396
110983
131159
116556
100914
107616
126627
114985
131738
126057
121093
112584
132526
103835
102504
104951
123475
106839
132724
127315
106498
117825
117773
128699
102766
124498
121117
117508
129639
127273
131476
108526
118014
129186
113581
105815
115178
121258
105330
110255
118826
125778
108418
124076
116716
114210
125714
108351
103598
124335
125234
127942
125603
131183
120145
115587
123736
127437
111876
112205
118167
131705
118531
120197
111756
121602
101236
131916
123430
101542
108909
125427
123072
105577
126388
130995
114689
115812
110281
127647
106752
122720
123430
102614
118188
111267
102085
131325
122732
100874
116963
122605
112898
121432
105220
102568
120757
122318
131127
124818
114607
122620
119707
123358
100260
107990
121122
106566
116660
113418
115605
123903
126867
128401
121816
108780
116711
132740
109936
110610
107249
128818
121922
101964
131184
118127
100253
103231
108738
117295
122491
105617
131917
128595
116996
108886
109597
127426
117588
115147
101582
112828
132478
100167
130221
119659
128209
131182
109594
107451
121434
128424
122673
116076
125609
127442
113577
111718
109272
113459
110075
109900
106186
121009
108999
130131
109745
128836
117108
110165
121299
115628
102680
120865
115853
101471
120983
124950
130968
114630
106766
112112
111243
105128
121202
115937
107425
105191
120436
125924
102077
100970
131496
120910
126379
112218
132071
106149
103849
108177
126706
118198
118310
125263
109143
112610
115913
116527
108441
124601
131765
127834
106891
126154
116492
101371
125693
100792
125617
130803
102554
119953
110931
108237
119313
122972
109479
111604
112243
102129
102132
112163
114652
132622
107989
121374
131670
129702
114235
110496
107002
116348
112817
101268
130137
130033
105700
121479
131354
125978
120674
128862
130532
119574
132258
121412
123262
106143
126277
111591
113204
131806
104347
116964
127869
119172
103017
106879
104156
116502
122089
123288
103428
115336
102419
122075
119871
105230
109851
113462
105744
100399
111931
115088
132631
118811
126642
103096
132662
110654
129805
130203
121842
111637
107173
107963
120092
126529
129385
110300
113072
116698
114909
105728
122365
121349
109411
106390
106502
132553
124090
100079
119849
114206
132036
130801
124158
112711
117132
123407
109186
128610
119175
112761
113781
122942
104218
112527
115712
122476
128093
120220
102555
109465
130591
116161
128046
118811
123178
127023
109174
129993
107719
113305
118699
111120
128645
111850
109152
130115
123703
130611
117930
103987
106812
128487
118916
116992
118787
101706
111474
124974
118989
118055
103781
107771
105653
123841
122591
109552
113646
118541
102999
114871
115277
128798
117983
117804
128263
117985
113156
102582
130491
114954
130806
129240
118451
108366
123113
111619
105575
121299
109242
103855
102466
110821
103894
125610
104617
107242
113240
112815
129594
106648
117361
105530
132689
131429
105741
112795
105169
103487
117683
126537
118561
108670
124845
117626
127604
107287
100970
125680
114510
128018
116000
111894
124996
131134
111541
112459
123395
119587
112352
132478
102035
109880
104844
121339
110045
115286
107901
124804
112491
113773
125749
102820
131440
120438
114969
130880
121096
107432
114128
113519
126912
120559
111084
120972
115289
106138
124108
117129
122057
125011
104640
124293
106371
106837
105071
117153
125432
116441
122742
101648
118366
121553
129106
129902
111280
102617
121216
117075
131830
116587
114658
128807
121030
106834
111717
120376
113675
119649
127713
123913
123141
129636
112705
126958
100241
101719
113635
114389
122795
114646
120898
106855
104241
125141
108242
110672
128233
115089
103211
107226
107718
102598
108906
127937
104807
103971
107476
116803
108257
117243
129981
118134
113342
116029
131497
131038
120134
124326
114864
102719
108541
131637
110887
123056
130412
115680
130684
112881
118308
128645
124002
116990
108289
124451
124718
101092
115884
105546
125825
101588
100451
102864
127272
118902
109053
108742
128320
111743
117544
131754
114590
105606
118774
100062
106350
117524
106648
109913
121625
107002
112745
123293
120685
113895
108078
102889
113144
105017
123291
114351
101044
116244
104986
106056
104682
113585
123593
108775
108368
127225
122817
106700
107380
114771
120990
125626
126046
107706
119868
117418
126065
130066
106942
121025
101011
115644
127701
115328
112270
131944
125759
109627
103605
121386
117133
116428
101578
123345
101674
126344
114719
121972
114073
122994
109308
122957
112382
126639
128321
128458
106464
107834
112204
121826
125997
120281
110621
124582
102782
100944
116152
109592
118941
112596
110795
127807
112709
116418
113297
104827
116008
115345
130038
123415
115510
116230
125180
123933
119837
128934
109405
100974
114444
109169
102514
121361
126397
128717
101971
127692
113330
122817
107584
130545
128191
120931
105024
130939
113608
114068
123911
114009
105164
104426
109341
110858
131874
113134
115773
112490
101635
102024
103420
127692
106825
109495
108203
103240
127094
130437
130941
129367
121592
105787
123629
124573
110252
108753
106586
110853
122272
110248
106228
109587
102941
131452
111068
113782
115685
100500
128903
117213
111289
122939
116836
131852
125470
122484
129214
108591
111201
118762
127459
118638
103129
131366
124550
120769
117100
124932
108130
130566
121684
131432
120096
116817
107299
112429
100475
113539
131077
123486
102818
102174
100934
114089
128477
119639
127252
121872
121460
114029
124293
128994
124877
101946
112348
110058
124884
116488
132104
129254
107423
106661
108141
131387
115795
129210
113127
103654
113473
108888
124428
121782
128341
130772
117938
105400
122289
114645
115122
106995
127893
129963
110571
107350
128898
103138
118665
109039
127903
110103
102791
123486
107355
104203
124018
122248
130644
108534
112240
105104
125560
115998
120962
126211
121193
103591
108294
103250
120102
125101
105344
102790
114665
102288
109465
107567
117579
130703
104808
122781
125614
101017
104689
118611
115932
107359
126699
108985
125164
115886
126151
125969
117350
102908
126445
127660
116903
118849
113225
123230
116102
111112
127494
127023
102199
108997
124569
127059
106864
112233
132354
105821
131531
122420
111950
102063
113516
117706
119649
122165
114147
115082
107762
119123
107347
120603
127191
109851
106964
111943
105347
124612
109591
115725
126157
124759
132425
130801
123635
106924
117817
123799
112350
103829
115132
110224
128423
103257
118353
121460
119643
119652
101121
103729
105211
112188
119177
106402
122823
114871
104379
117604
119740
108652
104994
101093
124764
132199
104933
116669
104109
128545
111085
127810
100228
122543
100170
132438
122115
128057
121043
122244
124001
117678
111117
113228
130793
109238
116047
113338
126278
112104
110883
106046
122877
118590
111854
112311
127291
112837
104660
114897
125905
118681
117974
104081
131965
127761
131901
127022
123499
126007
117308
108323
110587
125307
125137
110466
128197
123560
131820
113547
131035
129302
116947
114045
110925
108578
112069
113580
118259
121307
106973
109268
114790
111614
109370
115373
125776
110885
113245
131263
127206
121403
107986
118136
103346
111667
112915
128892
103574
112121
107177
129340
111118
121513
101780
113866
109749
107520
125421
119276
128267
106768
108746
117359
124533
118071
126818
110781
111493
121681
132466
117938
124796
114989
131807
109228
106765
104254
131228
104673
125540
106643
118990
102134
119399
102153
131630
111565
109372
120768
111279
128414
102923
109515
128354
125001
107525
125228
118678
122346
132261
104447
102723
126382
104757
116725
101545
122086
105877
123396
127284
106074
128568
115293
118179
121824
123759
110239
130409
114221
129514
130122
132435
124650
132219
129910
107372
119051
111390
129477
103966
101212
113463
127382
122521
131420
118042
113019
131705
116303
131792
116718
102562
104079
109593
122687
126319
131875
105389
112081
109069
129938
121287
126598
125729
109049
122852
128376
107185
120156
115144
103658
106817
114234
124867
120446
115260
108900
114226
132264
112534
101647
130632
122978
112816
103463
128015
122657
104572
125926
124329
132360
100065
102310
131036
110428
131425
100083
125902
123705
112377
117221
127500
128131
123720
114604
118481
104734
124148
101229
105350
113762
103242
105293
127365
108233
104228
110027
109090
118251
117520
115026
122860
123053
124590
107022
103728
123829
129370
100864
107455
127521
129035
100173
121329
128632
123515
105692
125162
126944
115593
119071
100380
104338
102619
106289
127501
129676
110023
130594
106075
121733
103796
127631
122109
127270
127036
122485
112331
119927
104533
131910
112449
111512
119217
125501
131968
105649
112930
108271
123541
128299
110274
108580
105214
127265
114578
101092
117098
106257
119393
107477
103617
121816
105456
111300
123748
115421
106067
128129
128438
126604
112538
100080
100827
105734
132017
119645
126144
101654
103813
127760
105563
108392
117608
115233
122676
116725
115383
103566
128292
113602
110266
115083
116060
116426
104139
129305
109994
116280
114619
104410
120568
115418
115825
126244
111382
100307
106964
108372
100281
102800
113132
121445
109251
125181
102979
120001
119748
114424
119186
112214
108225
121862
114841
130541
121909
112708
119375
131255
109142
118689
128827
131113
119705
132683
114722
119306
130680
110951
103394
118475
113267
104453
130206
129558
120405
131155
118811
104873
125880
105744
112490
110181
115659
126788
121288
132002
129363
127023
110274
116934
130032
104319
113565
125206
120994
102854
114676
103884
125835
113450
103843
112233
122615
111199
116708
111436
105369
104402
107960
118404
101911
118055
119689
130787
124362
116966
106509
131411
110783
119409
106605
103533
129281
113210
120743
102984
116506
123442
126257
121999
110039
109189
112351
118487
115532
104068
104966
109359
109336
114146
100322
111864
103914
122404
104757
126455
121412
106579
101681
108968
100991
124660
110488
125653
109584
112698
125474
114536
128009
104569
132383
102014
109795
125150
121693
101564
108922
106078
132428
117478
125273
124140
114528
103085
119352
131823
102327
132553
107203
102643
126716
111432
131741
121246
129163
104230
119717
128486
124373
112669
108664
129410
121094
120766
132151
115614
113382
125121
116618
116691
110589
114586
126692
123734
125179
110925
132617
103024
119383
103554
128206
105006
124725
121052
100640
129625
109453
108679
123464
113576
102794
116752
106861
126517
118320
108666
131931
125998
123202
122766
116611
111821
119907
129650
100418
127882
128379
122493
125030
100239
102492
109642
113134
106348
125862
121099
131601
113932
101607
127520
130690
112103
100359
114409
102387
131962
122340
111832
110040
129012
110137
127434
116589
109363
114884
110743
112122
111598
108968
125927
107605
131380
101648
107336
102313
124949
116245
128638
116087
113055
128226
101146
131802
128268
112661
127055
104719
125497
103785
128256
113460
122970
120210
107549
121168
103661
120681
121648
109716
108268
106057
110387
121057
115271
106425
103333
116618
106385
103499
128989
106330
109561
118724
118429
130521
126333
124028
111594
120267
128858
103944
107803
104186
131783
122647
130865
131893
131042
102042
112486
119961
111339
114728
131593
104719
111024
111520
121736
124694
120136
116752
108495
118723
128004
105941
121808
111109
128931
107524
124259
119598
107461
103689
116049
123055
106659
108174
102315
114467
105980
127135
116321
117392
107091
118795
115215
125929
121431
116749
105754
108503
130211
108331
120060
101048
103847
127839
103900
103913
118758
123253
124002
102976
101475
121780
104905
125917
122709
121792
124470
129827
116002
105407
118088
122625
107403
123579
119024
117878
125732
127047
114307
128852
126216
117606
119309
129092
112842
129192
107497
119818
104111
121750
103566
100362
127514
116560
109228
114699
116807
131701
104312
104764
126780
115267
120131
104052
116989
123136
103506
108990
112384
119704
125418
128789
123360
107143
128426
111724
108885
125433
127262
117490
118884
107824
122256
105875
113107
117031
115745
104642
116960
127605
113689
126838
113203
109171
109436
108914
100624
100257
128478
124618
111825
109894
101751
130211
129684
126551
105082
118586
120625
104346
109731
101672
124271
107787
109327
110564
126071
124543
128593
124297
111240
120711
127170
116697
124909
110231
123160
132226
114220
124776
123707
121505
130945
117914
121684
102789
113290
115870
106278
117941
120388
124371
117153
123188
107062
103919
126132
102403
112364
112801
103780
117224
113319
110965
120347
122990
122451
113911
117570
116781
108217
124187
118289
118859
120310
103644
117158
127811
100652
102180
124501
107749
122487
117996
130880
115103
112419
100004
103975
131834
125468
126165
113025
105831
129701
119813
102603
125756
108365
120795
131872
116986
124191
113027
109578
100049
105242
130388
103064
103270
111073
101296
120496
115667
117683
121132
116903
122095
112796
121329
106255
115153
129773
115811
114384
125839
126955
124672
117115
101963
127172
103818
124378
102257
131015
127336
128716
110906
120275
102730
111695
104309
123920
117772
121567
100742
105950
109277
124159
103855
106251
116384
131861
129422
131657
103570
116090
127975
130015
124461
109778
123812
101534
106573
103577
120858
123159
126354
109567
128654
110859
126981
127222
121080
111395
112126
123273
117254
129249
128581
120687
131684
116439
120695
115168
117563
113943
116395
111015
109048
123882
106838
125817
129358
127173
112236
128133
103294
120696
123592
118092
127446
129961
117966
118451
124279
104065
131919
122198
118108
107685
132012
124704
126360
127080
125759
122649
117727
101439
120822
109438
111944
119157
113729
113175
119121
112415
109103
110277
124452
103763
121300
122971
111129
108693
126701
104366
130683
125330
115143
115952
118671
101649
110428
106297
120274
114726
111807
123495
132227
128168
121275
106280
127329
119270
110263
119125
123318
105878
123357
110722
108692
110862
110460
126675
113247
118455
111018
121361
104843
125886
119597
103164
131239
115212
125340
118499
126363
114297
113345
120691
127534
106300
127298
113869
126411
120486
115840
126427
103556
132625
120768
109283
124759
107795
103561
132700
131504
108791
132172
124929
122928
114797
126283
116261
132269
128896
112307
100678
105338
120777
120843
118244
132584
121058
120786
129171
126476
111902
105828
118864
116675
128631
104990
103185
123636
118728
101826
112800
127765
103997
125469
120744
110577
126727
104935
123152
127912
132436
110314
107913
129527
121982
113511
121187
107705
103042
121525
101029
125358
108213
109867
114012
118140
104626
117568
107059
102387
127895
127985
105284
126357
104817
129635
131886
105046
123636
112330
125544
121248
124784
130697
114389
120730
131328
124827
102808
108458
123141
121649
126761
101433
116946
113564
130472
125878
113321
106862
120178
104157
112359
127964
116723
115769
121211
122983
100539
124135
125852
128444
126163
112286
114108
124376
111697
112364
122295
111471
102954
121794
130385
118415
124488
111923
105695
124033
122332
121977
118340
124656
126454
119865
107551
101964
121939
114184
106819
121713
117365
100653
113768
121988
128761
130728
117792
112926
108838
118388
126732
117165
129730
131594
115791
114199
128041
129062
100419
104352
110240
118221
125291
129549
127206
120975
108969
104457
129548
103946
122801
114377
126599
111791
126142
115948
105348
104905
129668
123045
132219
100538
103781
108827
126727
118664
112359
116496
123125
105625
119910
104641
115866
123323
116230
118030
108394
125032
104940
113115
116423
129863
108462
127414
122647
116981
129031
122042
127257
123910
120016
121011
127353
132167
103723
107651
104098
126278
129538
105156
112851
106005
110256
130990
129141
110154
115197
124475
106156
130122
109392
127114
125996
102600
110624
126849
117326
121736
114092
107959
103010
109929
101100
110993
122695
103330
104135
123563
105786
129100
120454
130681
117740
109601
108681
112686
108247
114051
122680
122844
108497
114880
129085
101597
104418
126356
119793
116595
107091
112111
131347
128427
105991
113145
127168
102279
131343
114003
108191
122459
111224
131488
112989
117624
110183
109125
112473
131592
110697
101740
115616
124985
120836
104015
130843
111518
129938
105651
102919
105682
105807
120242
125350
128606
112304
115134
130612
109276
118262
113635
111901
124509
100868
101964
111469
126729
112749
110601
111752
127237
129490
102416
112923
115098
100459
102785
107090
122259
117987
105774
101708
108262
111977
126042
131788
107927
131844
127169
118577
118746
131366
130521
104104
105848
121733
104280
129440
125555
132646
100598
122238
126189
125882
109428
109970
115270
120366
129757
108618
120709
116094
123404
101542
110841
108746
122734
113644
120096
109995
124681
107421
122567
104903
107965
132007
129651
123555
100810
124124
119552
128953
111763
119715
110984
127691
113058
111342
119942
107126
118507
113516
115259
107274
119381
129791
105041
129433
116854
125040
109247
124238
112798
122722
117740
121600
100888
104580
116759
122631
116396
127499
119286
110927
124520
105568
118429
130987
100513
130837
128674
103019
114228
125470
103039
108336
117009
124734
120375
126463
128251
114623
106557
122005
126345
100966
106385
117754
111985
120230
107820
103513
107269
115220
107678
105231
132606
106779
108534
100098
121465
125937
113378
102196
109887
108233
102679
104344
103753
132171
125939
102436
124548
122177
131937
117287
131537
118931
128510
112605
124496
106357
132218
117312
124894
104927
105536
123170
110300
110397
128345
131449
124211
128873
116621
116218
111764
116694
121548
114153
129541
108814
128717
110127
119449
114782
128501
125101
124286
131535
130938
110032
102205
114265
109768
117861
119358
123476
106020
127919
110731
129071
115343
125879
119509
115556
120557
108516
106684
100267
122982
124875
110155
118895
108045
121416
107202
117886
126399
128718
130201
102916
131150
131323
120513
122554
112863
125552
103213
108635
107409
100063
102033
102744
126816
116325
115050
103884
112456
125467
127550
132274
124589
124648
122149
104790
113914
125593
128136
117001
111753
112435
106281
104729
118979
116871
104291
102656
104328
129032
118708
105692
113105
103130
131192
128031
110483
103979
115447
120968
117479
132550
122274
115026
132713
102629
107930
116395
103133
129351
104818
123239
124953
127107
104758
119542
122143
122780
122796
117139
101257
117973
106713
103615
131626
119751
127431
130542
101106
123824
122246
104832
100370
112654
117617
107506
109665
114541
105138
114518
103166
124029
104201
107776
129591
126311
109257
106371
107946
124257
127523
123100
109482
115841
103334
100588
111077
117198
131591
127020
122179
113565
101150
101020
129297
131611
120882
128764
104798
118822
115574
101951
113829
118369
108243
100157
110765
130183
100328
131752
114350
113919
116048
103233
123573
114353
108835
104011
102985
112921
132287
127040
120399
110233
113096
131524
113707
108820
119917
125143
123432
107704
105197
123470
107290
105755
112218
122756
107842
127114
120990
107597
118897
101790
132027
131371
126832
106255
120407
130501
131232
109005
131447
100244
129502
119117
117643
129248
132009
112161
115883
101355
126855
107212
102432
101996
126372
129748
124710
125246
116157
106521
112880
118874
104252
115300
101357
110339
124069
118083
132170
107584
126512
124949
111544
107407
106424
113761
104047
101848
103891
128620
123250
120480
130627
111626
132629
100735
120717
120244
102077
115668
119783
124379
112872
128695
123735
100988
127085
132399
108826
111861
102404
103077
122947
132119
101128
103833
127908
101500
124028
131732
118001
129818
104269
107358
106275
116249
119766
126576
110619
122850
112297
127660
124296
106617
121997
109388
104714
121100
128963
118809
128920
116172
117390
128477
127007
119291
109298
103194
128363
123462
127931
113916
104267
104790
100033
110733
112368
117410
115819
130088
121495
102279
105586
122160
124008
111258
105447
108033
110749
124221
105592
114727
122598
127856
129263
106191
117516
125418
125691
111994
129237
123497
128563
116473
128809
125510
132184
106645
130674
112460
104154
103822
118345
106186
111006
118471
101966
131815
123647
115391
112215
109110
101651
125379
115150
112010
119855
131682
111188
108556
120493
129570
107946
112010
102892
118385
131794
117522
104601
129502
131697
132544
130605
115081
104056
101332
105399
128728
128259
130055
102876
131436
117378
124704
109596
116052
120598
100290
100695
113024
129854
109704
109967
115320
128946
100436
123119
107854
124047
122083
131084
108240
107445
111525
106860
109315
119405
104652
111685
125133
130640
101539
130182
132594
106852
106274
102427
110402
108935
125375
113005
131344
102161
121734
123689
119781
114357
101228
127299
115062
121512
132321
109370
128468
104197
115364
105373
106723
111985
117723
100558
105485
123899
108387
125702
104503
131909
104805
131993
124916
104425
122666
129404
113145
125718
122160
106244
120786
106106
127869
115952
113875
112485
126003
114346
104784
124203
112741
129994
103953
100042
126761
121564
125952
111564
115438
104803
107557
117871
123152
132382
103380
120068
126890
119433
125221
106645
105900
113831
121765
102090
129325
119295
120139
123149
131074
103140
108462
125677
106127
115962
106868
106944
102621
106486
104462
118669
121325
112549
113059
126249
116044
116528
113481
124831
108264
115102
112507
120021
118050
117658
118984
121709
121124
131703
126152
119274
127349
111729
105300
121108
131786
126518
130550
128413
131872
131493
115615
126212
125703
125397
101528
125370
121153
110681
117435
109188
103563
112578
127459
114976
122811
102246
101537
107563
119819
111712
100657
104514
112053
123864
119468
111720
128704
123525
100990
132519
121881
122223
128539
103930
129253
116730
128238
121451
128022
121632
103058
117881
117820
104958
100677
111292
101790
130962
116890
122060
110218
113091
119918
120414
132585
103841
102428
120240
102422
131311
117237
125224
128497
115935
105194
108600
100911
122396
126604
125828
110836
103949
116535
118855
124323
115033
103049
101106
119541
116646
107033
118039
110920
120999
105574
115334
122682
127573
129550
125366
125047
105596
123713
117606
126671
130426
131444
120195
108940
109635
104794
122189
126722
123817
131344
101558
130151
129755
116376
114442
126949
116523
105096
102613
108782
117524
119555
108290
131792
120443
105193
127296
105865
130101
106827
125866
108764
131274
122146
107430
124324
108152
112960
132109
119145
129659
113798
109709
110641
100236
131672
120908
125080
102824
104270
104398
124451
114450
101932
123417
128466
119451
123157
114967
119028
121633
127739
105787
117311
130134
116058
126055
119072
111810
112166
116750
114512
115980
121346
110230
107688
105589
116402
128000
132406
126629
123347
107978
114064
120490
100297
124436
131432
109374
106234
131587
108641
125000
125754
116579
113953
119206
112005
122256
131752
111402
105460
107926
123872
123362
105962
124311
131445
123549
112782
115565
119270
121258
108415
119441
100317
108515
105923
112955
111292
121067
101120
110795
118136
116403
114926
124264
110506
104003
101644
129255
103651
127415
105106
109806
110144
107399
110759
129113
127551
128780
106709
101340
106193
131648
129466
100842
106929
113862
119296
128470
121587
100394
114575
106041
126432
101737
118528
132755
103425
103348
102229
103477
108154
111729
132584
131678
119194
102531
106146
123300
108207
125643
126061
108181
131103
117742
118252
101279
125876
103257
117353
117293
102200
104835
113423
126739
113474
116594
103513
118316
106575
116609
123850
121153
121364
111456
120287
122413
115987
123740
120898
127039
119405
115425
109632
131296
118263
118333
130429
125814
117391
105894
119014
129160
108721
106879
122856
105506
125765
127959
111583
127867
118459
123699
103890
116181
120410
