129562
110514
130478
113314
128384
130148
121647
120474
132710
103561
116342
113884
102807
104021
114493
106317
110131
128499
130126
122782
124151
118718
115943
103202
128190
109235
129378
129244
114760
114470
102165
103901
117051
103861
131960
125901
121959
103035
100997
130503
119630
114822
130149
104298
102116
127370
116296
100908
102291
132566
123541
120050
118402
127112
105539
125406
113687
117757
106886
132712
100283
103052
108975
119217
103645
118644
111181
111891
115001
121874
104345
107261
122970
130392
101393
114686
102493
128378
111458
107039
117753
122346
124043
105078
122300
122247
120640
113912
104599
102162
114828
105103
129437
109537
107195
123245
104200
118487
119927
120735
131197
123795
131889
123877
128145
103912
111811
104641
102283
120205
101459
128462
120683
115222
120442
119635
117036
103203
106661
109592
117575
119000
122812
113016
108920
127117
125442
103864
130500
108998
116797
120983
109243
104293
107030
123430
117499
129310
117186
116698
113141
108844
109282
104416
104948
105026
106664
124592
129883
127429
128828
121573
100653
102968
105566
109388
122579
109048
115532
115515
125722
105001
131046
131364
132220
117232
105744
115561
103072
113122
111192
112498
127268
125885
113881
106238
126873
127574
114526
130998
103119
114131
110027
127240
129875
129050
108473
130098
103735
132490
116321
115357
128273
130536
131515
122477
132678
111004
127207
110934
126601
102173
125387
103857
117406
130218
115710
107983
108644
129595
115428
101773
123410
106423
125723
105000
114369
117607
116502
130131
130091
103595
122632
127111
107954
120555
124932
115099
122020
125137
126562
121236
128445
119733
130916
119998
102381
106329
103962
117500
100444
132567
118658
115548
126892
107479
109044
132590
124030
129285
119741
114647
128823
117955
118027
109985
129796
117530
123145
114645
124955
126455
113226
126412
111428
132756
104043
109250
114328
129844
122100
110892
116617
101651
105856
104523
128547
113309
112926
124930
127378
102878
113398
106213
105955
100154
107568
122514
124687
107614
110353
111172
113973
107382
118119
107429
108071
117408
124456
102884
100392
105377
104022
130824
102900
109528
129317
116612
123905
112752
113504
129035
122629
117465
130569
112037
113592
131448
117824
125955
118747
118941
108645
112143
107641
118710
128129
111816
115053
124611
113122
116813
119332
126986
103430
122679
100260
107020
115387
118828
121805
120247
108419
127410
104927
130269
111165
123968
118845
122085
131330
115355
102257
123329
112462
109664
105071
105760
118880
122588
125982
116196
127203
118820
112148
117718
129997
131170
113825
119704
126600
128366
111632
110300
116816
103582
131881
107732
131292
118494
102139
106217
119360
119555
127960
101808
121362
113244
118688
104986
120267
123786
131395
128747
130673
126866
131457
124525
116595
103729
112884
116837
132309
114288
128849
115782
113804
107639
126955
123813
108332
122278
122744
110829
107456
102882
114456
110164
107257
117037
108691
112909
118156
100474
118754
109759
125397
110783
112114
121655
115904
119883
129188
109658
106985
128602
123928
129629
128770
125159
108843
130616
128630
113857
122174
122967
109899
128993
108346
115091
112717
132603
114128
118882
119913
104275
105222
114250
118359
123346
100591
108956
103804
129113
125881
118622
128526
109653
126190
104841
114297
109972
125939
122229
119809
121943
120789
122513
129705
131496
120388
125271
119892
123373
121824
105087
121643
122302
104884
108147
121662
103668
123904
111876
110446
114690
128572
107867
116106
111497
112729
118322
110008
115238
125258
101956
112919
127119
119491
114945
125858
110558
125505
125831
116056
102956
131914
112078
108186
109922
128758
132130
119764
106572
124078
115927
121951
126447
127028
116280
125094
107293
106723
108736
111496
129606
116281
115085
111358
127377
132498
131345
111614
100139
128310
111115
126367
102367
125078
107701
118653
121832
119251
105023
102239
105987
121984
132221
113175
116936
107945
126429
117674
120377
111892
105883
103089
109980
105414
117816
123647
105350
121801
130088
121732
102457
130349
117451
115569
104495
128077
118174
115357
115447
114004
118707
129320
126016
119039
131934
113246
105268
120484
130098
126686
125959
112499
132395
123387
112591
128764
108333
130658
126614
128241
127917
114173
120749
130093
124846
119064
109636
115446
129776
114883
114744
114815
110436
102519
109868
129969
111842
107260
111579
112427
128286
124553
116652
106120
105433
101422
129160
121056
126804
118383
110312
107665
101642
101170
126514
122943
122526
111835
102725
107801
121619
122549
111954
120414
124987
125076
116463
117280
127090
101816
124262
126793
131212
121589
102483
103643
131595
118801
119662
112252
124309
110702
124069
127537
119206
116456
125038
101226
108931
106753
118875
106303
131183
132412
100334
126457
118048
108742
123824
122324
127348
125019
132733
105219
125537
100456
110882
129269
113706
114797
110634
129239
126681
103846
121844
104794
110313
116970
122633
119734
124483
121811
112301
125423
123244
127263
106932
125526
120060
101462
127383
101460
120658
128173
127431
117347
107142
114475
121153
122205
111263
115722
129635
130297
103430
131936
107774
100754
128571
113919
126636
131883
120519
114585
120164
127409
120946
111400
127051
107135
105141
123532
107213
122664
107890
116854
132589
131440
113891
123782
130009
100507
111057
103856
106946
103403
131590
103140
103402
124516
122116
107246
112639
120786
123127
113307
131495
120589
107497
110621
124252
123260
122165
102064
126330
103384
115518
118142
107926
112690
127328
126400
118802
128312
125479
115751
104942
131764
100799
127354
114913
100181
130220
118400
122793
132018
102075
118560
119967
126604
124473
106695
128654
124499
130914
100362
101317
105452
130076
115085
112491
121522
105446
125475
119059
119227
126987
111158
121488
131676
106523
122986
100363
129007
119451
124797
101971
109779
101884
103282
109427
114869
107978
102894
105866
123918
100390
121314
130007
105709
130934
112234
108052
116983
113755
129269
114181
131244
113636
104103
122704
114668
122369
111867
100751
128953
114746
125357
127140
126270
110752
111063
108364
100880
118020
123994
120824
131509
107112
107391
131032
127075
123059
102878
122936
120585
128681
118399
104975
104596
109081
130112
108501
121963
131160
120950
108950
129595
101103
107735
112453
119546
126097
125080
109906
113446
109136
117970
108414
121422
105744
104490
105967
107476
104251
101809
120959
118001
103094
111369
109658
123897
129812
115146
112584
126177
124938
116771
102471
108286
121891
113861
104157
122895
121781
100860
124588
129150
126996
119839
102855
130275
125701
130859
106564
129226
130678
112555
132499
124598
130156
131803
131086
123238
119612
104972
104144
129622
104958
103754
109003
121225
115007
108861
116757
100998
113654
130125
114819
105121
111801
120585
106617
126075
107313
111562
103680
124108
120268
127379
123417
119904
115633
110140
123986
115552
113401
101328
118934
131539
114460
124211
108105
106852
109481
112136
100245
113766
126779
113105
125950
110101
127656
132696
123197
106527
131195
107855
118347
102755
114853
127283
126140
113144
105583
113014
126030
127089
106163
127452
128194
128095
107596
127270
129514
115224
127179
131822
103940
119735
129899
118994
122438
127844
100424
124628
124346
131798
123339
120577
123468
121877
116329
114769
108578
110469
122509
113871
126763
131872
118482
129785
104187
112387
113270
132714
122070
111404
117260
132022
112650
107138
100976
123798
118914
122645
112640
119109
115609
127912
117257
122921
109356
120429
119424
113846
105203
114959
132595
124048
100369
117237
131006
109039
118505
107206
104066
132680
117556
106536
120019
131114
112208
126670
125489
108646
114651
104881
108602
127602
103553
116125
122909
125967
116498
116208
111698
104490
118744
126623
111241
127232
103975
116601
117216
120198
112693
132272
127320
124424
132396
125077
103050
103440
122238
127651
101526
125321
126329
131007
123741
117540
128539
114622
126704
113147
104487
107560
106311
120949
120184
109627
108599
112233
113814
111155
108958
108678
127623
105929
108513
110322
102120
106490
125080
110385
130620
121865
100231
132425
122499
106951
120785
110627
100879
105746
124264
105781
115859
106140
109256
120670
114301
123374
118501
105745
123525
128172
130913
106934
106886
107290
113411
130637
110733
101855
106597
103765
126256
118025
103660
126444
121890
115794
120829
117303
128516
101537
120430
130308
112253
104148
119355
115374
106892
125885
111227
106817
111389
109930
102290
103391
126171
114090
118695
132451
128582
110028
124761
122435
131845
121770
103085
108987
127869
122855
105035
103976
123810
110964
129259
119986
105485
107097
128266
105517
104784
104882
131809
119617
105862
110327
131735
107977
131118
100993
110262
100730
110649
110410
118492
128453
105569
102901
131763
119550
128445
106766
112930
124093
131218
107154
108485
111493
124781
101042
120475
113059
115822
110548
103423
120665
120039
131035
124122
119356
101158
105128
115990
123867
127630
128480
117846
105377
104941
126448
101092
104445
129033
125007
111338
121535
130684
125699
123366
113862
118466
118119
106072
115928
116113
124459
122301
124369
118888
121500
108225
124928
115051
127782
107441
131534
103790
104727
112943
123808
122960
123301
128297
113407
119690
117299
125452
127223
103175
100816
117300
108476
117815
105473
120744
113556
115551
125120
130052
117488
117555
110020
105654
100828
121510
101635
130925
124058
111873
124022
119503
112010
120882
119580
110443
102990
107879
102209
107758
128042
128988
127488
108441
114609
105969
121863
127474
126878
125056
120730
110266
124672
115821
105435
130848
110234
103039
120136
110900
106889
110958
120709
113310
118055
126525
105564
117648
100400
118473
111618
101881
132387
125603
101019
124156
123883
116251
108289
114848
100031
123805
116417
121289
110151
130881
129895
125543
106752
108701
109820
112109
123361
110302
107980
128517
113215
103191
101229
130945
105198
128216
125180
111509
104617
109827
110250
102724
100275
101083
117367
129817
129727
124766
114238
132375
108814
131797
120562
122610
131031
123049
125223
110208
123627
103800
112340
126570
123033
113512
123479
107815
122063
131259
103097
100395
128899
132260
109876
122715
111185
128601
116722
113861
104806
109162
113176
121998
127900
105041
126211
114987
114150
131658
119505
122836
128495
102757
108068
127286
129022
122841
120610
113257
128029
106395
117185
123425
114298
113455
117057
108072
130829
120511
120058
132364
132219
124778
109143
110613
114235
120030
110627
121209
106999
121129
108291
111315
131125
103116
115524
110546
101430
130321
103383
123182
105246
115359
121498
130017
122454
106060
113114
123027
105775
114226
121621
112470
111048
122117
127748
127891
118065
132516
116440
119876
116432
111853
104133
111716
129796
118230
102845
114596
130313
103353
112254
122720
106524
106224
116174
127953
105439
130978
109061
109956
118782
131804
128973
105227
125715
118244
125990
114418
129223
115658
101293
115189
105274
125247
116509
103791
127910
113322
117014
104982
130623
108665
119069
106214
124253
110005
114661
117851
102364
111834
112844
118755
126659
114405
130217
121747
118309
131246
123333
118297
109893
125560
101671
104178
123389
118215
119061
109277
101217
103794
120023
105615
104351
115704
125374
109992
123178
109591
110949
125926
108311
104347
129335
110232
124103
118901
126769
100438
117958
114700
103401
131312
125683
104664
101840
109476
111073
114220
115124
126356
128894
122451
119945
100471
107762
127711
129640
114062
105930
105278
112344
105689
107094
132494
127565
119948
110927
121266
100590
103613
109757
121510
112283
121695
116248
111119
132143
113779
128430
104983
104962
129661
131396
121207
105395
131893
120320
116181
127268
107648
113031
114769
106693
101790
104034
122971
106262
127141
124838
114887
112487
120878
100308
107299
127458
132430
124670
122184
105164
125384
125995
116015
118536
103040
132605
102150
111069
103987
110225
119171
110585
121958
124583
107641
127925
118940
125955
101801
126618
120268
110355
110554
105508
101906
117713
127020
123335
117413
100843
132521
110640
112649
108577
108317
117197
105094
128751
117543
119439
110296
132717
110225
101615
131880
125811
103645
124975
121915
122880
128800
115682
129770
115421
103700
101550
120274
113277
105576
104017
105292
130856
121434
120546
102304
102489
109448
124761
105333
121188
105987
126290
106124
100699
129446
119310
121518
107059
107174
125627
101091
131875
100969
128501
129765
127565
107164
103052
111316
125344
132736
103304
101163
109309
118404
120170
113907
122776
115225
129205
115255
116386
121794
107949
105143
112421
119658
114015
116960
129327
107259
105441
105212
113202
112940
118747
103591
106667
118427
125766
101506
115458
102683
119156
119339
132529
104783
108113
127084
107689
122488
115432
122802
125937
105611
119593
113857
123793
123015
131305
120743
127662
110341
118826
110318
114166
129296
102557
109334
116031
119608
100453
110147
132202
107234
113694
117810
105358
112098
129054
114289
115283
129100
130810
125136
101019
113798
131404
131603
112232
117154
115380
111849
107770
107499
102429
118050
105271
115646
125762
115996
125776
110236
102256
116606
114594
108156
111501
129321
101594
123750
109913
106348
126813
101181
121332
128631
128999
121821
126881
117779
109425
113510
105673
111248
113241
107222
104515
122878
111293
104158
100050
101792
111143
107246
121327
125853
121456
101011
101321
130297
101854
107778
121995
126916
112272
104181
128221
116113
105756
122549
102829
122922
103030
124536
105775
116354
127252
102638
121122
112107
112975
128023
130646
119689
118029
112215
128363
102919
102045
115148
101595
106376
124642
115167
118843
126945
128692
106265
124093
112389
128899
126265
102138
124864
102205
130947
116206
101033
105330
104282
128836
131410
112567
123153
123092
100801
131912
111359
107371
103972
125425
115409
127690
117952
128046
116004
100081
115755
123537
109396
111261
118715
104548
127886
115471
127038
104848
114477
101647
113899
106429
107331
117553
120985
101051
124789
110935
116527
110624
108301
121207
112476
118323
100426
126366
103560
108041
130554
111413
128266
131310
116555
121732
112795
107783
106975
114036
125706
130357
123422
122009
114482
129083
124368
123247
112170
123684
103659
124644
116411
115423
124073
114967
104727
127277
102622
106848
109255
131261
130953
113552
126694
109716
131753
118906
114317
120499
126034
115122
109966
121332
108799
103060
104293
111414
119850
129672
129131
116153
129818
126085
124749
114379
131581
112596
115389
122021
122678
108055
124775
105616
106744
113289
131623
103500
127252
128647
119417
129713
101135
116560
127281
107415
120952
131337
126828
127732
108408
101124
123334
101188
110507
106817
109517
113454
121134
118581
106422
126564
129530
100299
116303
107979
130416
130729
123701
113372
109108
108212
100679
127562
129599
129494
119642
106980
112944
126463
103727
126398
122083
113513
104610
123019
117829
120865
113443
123726
100455
117955
130922
120882
125905
116356
124775
122037
128024
100982
109176
128780
117171
110088
105439
111299
129546
112844
120179
127141
104400
103294
129685
126427
112019
124993
108390
116312
126609
120875
122936
128628
127438
109060
103746
106454
115555
120395
102039
103832
108569
103546
119897
127910
126774
118156
124713
116071
102039
104379
122083
130976
115967
106382
112008
119189
112303
107027
130172
102769
112695
121961
100850
116711
113547
103554
129188
106266
103257
106279
107463
112826
131226
100157
115006
110448
114280
113222
125966
116605
131087
122411
111378
103070
103782
111672
131056
101170
108896
109928
125515
125598
118494
103395
117562
114417
118727
126405
107769
132036
127579
130337
111327
115301
108740
131398
112016
130356
122606
105792
118644
125516
121497
100258
132456
115046
123309
124803
112563
106747
105165
131783
108347
118441
121902
106912
121593
120536
122026
117587
129450
118685
129808
114752
125895
115423
102335
120093
121272
132024
130163
103298
121413
127773
126558
115626
124237
128962
132731
115576
122554
109880
121887
118456
118196
101976
101841
105640
103445
106213
119899
128694
113181
120941
117793
109708
107112
122480
125106
100682
113180
114117
116381
110098
129383
113464
118662
128458
116777
128376
124024
116253
105197
122417
131709
127427
121886
118389
103788
102403
128376
113248
126211
126326
101820
116732
100405
129549
118440
118114
109253
120917
116518
129570
127252
127482
114116
110565
120376
112011
100196
118353
122957
123260
112180
128557
124688
131185
111841
100294
108714
129722
107016
123025
106697
123161
131054
105489
120309
120012
101488
121851
102690
110791
120125
121753
111489
120898
121922
119404
106140
118387
122982
125461
123554
129949
106104
117622
108287
115529
106085
100116
131376
118739
123055
122047
110038
112425
131098
108150
122889
122064
105385
125573
105198
111912
105672
121072
117132
118256
110027
112660
100571
114700
128151
132236
120862
126598
124319
116818
107379
112340
115475
126246
122025
128601
105555
101940
104017
100654
123306
101617
120088
108065
122937
126278
101204
113662
113201
113904
127708
111630
110406
100903
112925
114142
117088
109949
110954
100417
115091
125706
131476
101272
110929
110278
130235
117073
123870
124982
106595
107694
121861
117067
124874
112840
123402
126087
125306
118739
110047
108129
127770
122787
131482
132587
104329
110447
116775
116914
123694
101078
101434
116197
109193
108063
121736
103610
108302
104389
125495
127502
120372
101171
101011
108876
118473
102604
118018
132239
131208
110382
121914
100363
102893
104888
125361
130217
118856
110666
114261
101873
124433
109643
115582
130861
117627
106225
104481
113611
107851
107708
132678
116484
132587
127556
126140
118459
115898
106037
127243
124328
122791
117912
101802
108725
105214
106324
118898
119720
119681
102388
122195
100611
112315
104106
100678
119080
120209
115348
106882
103617
115994
108351
111347
104031
115121
115562
124392
110433
100424
115980
115212
119832
121343
118424
126615
107305
122357
106879
115397
132146
120157
119286
113288
104880
120277
124923
107385
100896
130548
102802
103957
124004
120866
117333
102182
107369
122797
105515
114047
103687
121881
122200
120812
108584
100023
102326
102249
124461
110201
116033
127378
105357
118276
110041
118619
127935
116743
111172
130049
101467
114123
114803
129089
115580
111628
109830
122311
116072
129544
118290
106217
105843
100053
111393
126613
118304
114935
106106
124040
111754
123954
107427
111041
113410
129437
102181
129334
106234
103928
129935
106693
118306
119359
112573
110189
106192
111231
123482
132542
124837
126697
122532
104846
113262
119589
132719
124398
116296
108521
114029
116317
107784
121545
117164
130107
104409
120913
103776
129408
128807
117841
114147
115629
121276
113784
103418
131843
112425
110884
127322
102899
100712
123001
100203
106711
111039
102321
101195
115167
107751
106162
123670
127310
107118
127462
112741
126438
129882
110151
103444
128416
109583
129977
124745
113313
118131
115101
107953
107626
106831
102819
120077
110927
114169
111839
112110
101418
105776
102176
125372
109136
102983
117885
113149
132548
125830
101680
124116
116651
115405
132008
103112
128768
115066
112857
121287
130953
121741
125655
127339
107786
116234
113059
130172
112312
109727
104004
101301
104176
125575
108570
114123
125737
117422
105584
106667
100392
103190
103504
112643
126579
122745
107675
118021
125703
102192
105561
125800
110669
117331
132429
110511
129867
123426
103116
117421
104727
102563
127696
122441
123026
121741
111945
104319
128082
106085
114099
108967
123104
131047
127725
102138
125732
120487
106825
111186
107293
114936
115424
124465
102102
128013
107048
118021
131477
132702
101064
104106
127829
112973
130218
112433
126070
132618
103762
129760
121268
127412
107375
105337
121942
126145
104624
113344
125607
115103
118233
124471
119978
120475
118038
100396
131338
116483
104079
125429
128592
104327
103228
109435
132184
100837
109051
119797
107014
119750
109280
122870
119605
113890
132300
127146
109296
125035
129345
131164
114149
118185
115316
114748
104726
107490
122788
131936
102610
116092
129963
121608
130020
118373
106963
116774
110346
129459
111850
108062
117929
131720
122009
111306
113854
101433
122097
120769
123160
120239
101447
104665
121285
113677
121666
117738
126410
118930
107314
130517
125975
132546
110243
108741
104633
112576
110643
106421
129618
103423
105376
119603
105414
107545
103717
119651
103992
131071
125703
111430
128821
125779
118123
110908
120622
123410
112746
116936
111660
120950
115815
102804
124095
111131
118944
102325
112439
111712
113668
121135
102679
129040
106565
111804
107207
106050
115501
103881
131977
117885
111157
104898
117166
111648
113748
125583
127754
108801
114197
109151
111013
101205
127980
117924
127155
100560
116426
131166
107975
129293
116463
102301
115267
121135
116992
120897
121107
109257
121177
115205
117915
113147
129444
120252
104685
102110
122026
121306
101952
101922
103530
104501
102302
101622
124520
110861
109020
121896
113224
106314
104143
102030
120475
119302
131261
130724
122873
130891
104978
120694
118352
103454
122196
107713
117883
124348
100697
110165
112151
100387
110008
107197
108434
126420
121725
120098
119940
111832
118305
103021
104515
115969
106681
119212
128178
107378
123757
115639
127833
106337
107820
132627
105659
113692
116126
130326
129507
130122
107354
104780
119873
127604
129626
101402
108468
113348
100011
110497
129768
115212
114537
108005
102882
130569
114155
127791
110297
129770
107835
104368
120136
123404
105929
126054
115521
122376
112992
116548
103684
131055
119640
109197
116432
100820
114958
131969
100601
115339
124561
113723
105019
112305
131998
107738
105550
101100
117967
128991
104122
115572
107791
130518
105453
107731
101201
103481
115851
102889
102530
105361
128261
101170
125371
102622
106861
111436
127676
120377
131977
130227
111766
126648
128806
124112
115879
110994
127150
122930
102347
112771
115197
121883
124369
101746
106865
129342
121132
121682
108352
123847
116459
108102
111887
126108
105196
118536
129984
116706
107596
124299
103307
103620
101921
102111
121424
103023
118892
131670
101419
108129
109897
123365
117322
104420
101993
127436
132091
107733
120514
127865
128521
119722
130181
108458
111689
108212
130897
113619
127344
103584
102054
108223
129319
125508
128156
112761
102498
129433
104661
123245
110573
113155
110512
128203
118087
114137
125375
125484
107956
106785
112508
123512
114574
120219
128311
128007
103900
126978
103251
131590
107046
121486
102066
107293
112775
102589
118126
121678
125443
116819
111562
109857
123163
109471
132456
116222
126111
100609
124604
117210
109764
105385
103104
131606
104054
119201
104681
127907
114927
111374
112474
106603
110985
118451
107865
129004
104912
118710
123391
113446
113628
106663
121651
120760
125150
114622
131289
130630
118264
108644
104518
129053
131922
128501
123895
131098
102762
107461
127875
107208
123051
101985
110543
125384
116546
104983
128897
120438
108845
107192
122807
126921
122516
104604
126200
124795
119901
126695
120939
105066
105211
114443
111942
127039
120710
116110
101002
122445
117521
105486
111854
102844
123960
119938
107800
132326
102136
121282
118291
132097
112324
112970
120830
124159
110292
113210
125697
128690
128193
124322
108166
125748
131407
123901
104613
115078
105353
119803
117215
127607
123412
130692
110864
124103
130749
101369
107423
126093
112724
106173
103928
121302
120509
128756
114748
121487
101700
131978
129846
111525
122673
132215
125330
103786
111260
107074
115017
102203
132483
106180
117088
124512
129306
131887
122834
119859
108386
126799
105419
126852
128765
126479
122902
116029
123201
127806
127449
123970
122507
124563
124800
123035
126166
122863
132087
102869
124044
129251
119324
102565
102299
120690
103540
112591
112332
120344
122140
109638
104785
126219
123395
110741
131740
114880
123223
116605
127608
129457
109117
125408
101202
117086
105925
119774
113367
114833
113693
109885
118981
121575
102917
102670
129018
123788
105090
112781
116178
104262
125143
118090
119727
108469
110257
108166
104153
132057
127650
128480
125577
100820
101072
108337
131136
132593
110575
128948
109149
107238
113772
100458
111855
110422
125931
126908
114888
122010
110324
101987
120019
121537
124649
109445
104871
128469
106044
105504
127835
104544
102622
129452
126364
120623
104699
109564
110078
125526
119780
117350
123024
112501
103245
104483
119475
119097
126648
106488
110636
102437
100657
111382
104055
108690
122684
118592
127582
123380
110860
110635
121803
119648
122101
102442
123867
117067
114212
121867
100659
112789
123790
122427
116375
123590
111398
107825
126905
102295
118099
108810
118862
130996
115873
128113
115047
130240
130487
120002
108799
109209
117641
120175
104400
130526
105422
101026
129388
129967
116661
126756
101000
108212
122067
121213
100763
114017
127584
117853
120232
109944
122532
108090
126807
123087
123052
128059
102475
116563
102977
126037
117936
115277
112155
119476
127763
120036
112209
118364
106103
114147
124692
127248
110245
122557
123293
128626
105155
103375
101220
130669
119336
123364
105875
116432
106351
105726
114874
108603
115146
126036
102596
121407
110745
118679
105770
115393
113980
100729
112998
119967
100133
103280
111019
115095
128561
130743
112595
131940
110392
124567
105625
131113
112355
120804
108808
118291
112317
119242
109619
121402
104589
115658
102695
128713
125924
109823
102686
103519
117234
114854
120309
109237
109469
111581
106720
103552
124373
104619
117085
123545
114721
125505
108646
125531
121214
110207
115691
103244
118634
118970
118399
108544
121660
104893
118610
110139
121270
125197
132703
100950
127197
103282
123110
127460
116744
101042
102941
127381
132664
111264
107555
100954
101031
100181
103733
109001
103332
129214
120100
131524
116637
106327
112390
131925
119934
110133
109356
131293
104762
116298
120149
113518
101798
102117
119585
122741
121998
112504
116425
111772
123907
116382
129548
132334
102386
121436
109933
130876
115451
114087
124827
104640
115071
128807
121137
111105
119547
111931
108703
131830
101781
113469
113256
103022
131061
111623
117135
113840
109910
101814
123979
101726
102365
115374
106754
127135
103721
111582
106357
130940
117035
129093
109113
125835
107320
116148
101478
118219
108892
120534
126867
122064
122354
127599
120321
118304
109425
128993
132374
124636
115337
103668
128013
130979
106095
100566
103149
130995
107381
104545
130487
103249
101341
104349
126948
106860
104175
109702
101390
115837
110153
110351
117742
117425
128375
117350
109702
131402
128963
115578
125599
118594
125006
100539
123766
123698
108640
126752
126387
129139
100349
114799
114330
128899
128185
130745
110469
128426
101069
131363
128914
120797
113769
118253
109977
105698
131916
120236
108129
103093
118931
127962
131859
129835
110286
120977
132078
123861
117337
114580
127805
111911
119786
104591
113798
113881
127334
132256
132101
112526
110841
118037
119384
105908
111205
112504
108668
112555
129690
121545
102392
113961
107912
121354
129880
132061
125489
108545
101085
131410
107778
112697
100723
107543
121955
115018
112099
116765
127885
128090
109642
117344
130971
118244
132042
131017
127716
123832
128127
103251
103049
119875
104885
102254
125514
113425
107608
104097
111262
118416
102827
102258
122114
101143
113213
116618
113297
102182
118042
119317
127189
101616
101182
107880
110813
128278
120655
113638
124047
114358
126347
113700
116288
127140
120831
126027
104066
118775
127737
128190
123965
120776
103873
112125
105218
122422
111492
112074
117659
101037
100497
124810
123623
131433
108488
119789
115429
124981
130126
123857
127502
108665
103302
119396
120040
103027
115517
101001
107992
116165
131109
127870
106295
131888
129157
127163
101289
117663
116526
104733
110762
127079
119473
125251
116586
129229
109775
128313
128987
131273
132657
122195
100872
128265
100954
100956
115112
118841
112601
128240
104435
114050
100547
130087
116660
115792
130912
102260
122784
123225
125733
110540
118502
110811
129506
101386
106503
101924
125245
113810
120296
117848
126047
123444
106278
126063
104941
109652
119721
128125
128570
100936
127100
117814
126395
101378
132571
115377
119739
112111
117646
106860
112975
117790
118646
127121
110733
120997
127590
118903
118777
127297
108340
101484
100928
131132
108559
117426
110121
103572
103954
130503
107208
130393
112410
129769
111605
111703
116181
121306
131836
121845
100380
131553
126870
119901
106371
100369
101656
109533
116782
115405
129003
126605
129510
112268
106300
104755
106347
114650
120564
111459
120844
106144
116203
120043
128886
116388
132184
105070
112586
104787
130701
118094
119282
126143
126945
115407
127028
132068
100845
112250
110343
121903
105467
107456
106534
128065
118459
123616
132068
126960
116792
101643
109759
114062
117771
125893
114999
106606
109518
128910
118753
115877
105428
108994
125367
114702
114711
107966
112306
107665
132466
130372
112795
100260
105233
103457
110622
107281
106533
124684
120864
127738
121308
113106
125778
128283
132496
127152
108550
126288
105279
104704
116290
119639
103483
124185
103443
118230
100898
106352
109604
122528
115217
121091
129679
107572
129045
120567
132083
119943
130786
131967
107207
120067
100296
124417
110318
103375
108258
124532
115595
132689
124817
122893
104214
127217
132392
116506
104880
121888
105449
124462
118195
121497
124465
128638
102030
132327
121327
104331
113104
118312
113242
125441
126594
103952
127460
119263
120506
105521
116841
107481
110445
112761
117165
115195
131717
130300
126981
125838
116531
107763
124756
115775
121991
128261
130105
120446
102974
127174
101255
103717
111579
100734
132598
106586
117241
109099
121880
119222
132575
115913
124558
119719
101205
115920
106107
116754
101558
101119
113209
115261
126279
120408
131659
104429
122311
114284
127635
118219
108359
107224
129989
107276
104508
111632
129308
131153
116691
129371
110156
118220
107396
129055
123319
128165
129770
122975
124643
102300
130514
123522
109868
102127
123026
102998
108214
119678
105116
129876
105382
132397
127826
117286
114066
108682
119068
110438
102197
112560
130744
122793
128104
115307
121554
119996
130638
121244
107989
111661
116686
117215
123392
130829
128582
125292
129468
126709
111229
130363
106541
107591
110042
129388
106503
100790
100308
106725
101539
102665
108458
116797
100690
109851
122452
114649
105201
109863
124089
108884
112573
122178
100898
113700
100713
102441
108271
114043
103790
128573
108425
110444
114595
124364
115607
129871
121613
129170
111989
105318
113912
107136
132577
100289
132678
107964
114680
125534
104200
100328
106850
122517
122955
126119
105161
114611
100404
129373
111759
117478
103504
108087
109504
104537
101925
106604
121669
110495
120333
106946
116059
113493
104516
123219
119108
106499
104511
131473
102716
129604
116287
106376
107695
116775
119591
124771
101033
115156
112266
119346
129166
107891
121609
127210
100619
129609
124124
125101
120652
102180
116398
132172
121456
112634
104622
130827
103738
102093
124387
126116
126473
113617
123839
123534
115466
100561
116728
116350
102060
115663
110739
124463
110676
111851
119362
113759
109907
109446
123119
100122
130581
124582
124569
103226
113562
122012
130143
123183
114986
108005
104922
100092
104005
102223
126640
127874
111834
104284
129638
128769
131001
121579
120438
111836
130377
111893
124578
123548
109182
104022
123783
129080
129542
120557
127861
112020
119747
100485
116094
106823
108670
101140
123597
124065
126426
125188
109114
108781
104070
114321
109083
121331
121527
110706
117852
127425
124118
112059
100562
111019
112245
112898
102860
126097
121224
120000
110315
116320
111058
110331
113204
101595
131741
112674
127844
101788
130222
119097
105859
101717
125048
105781
105148
115804
114832
131498
129644
132199
118881
105123
109945
125844
109345
107985
120037
116908
102148
108777
122531
103592
100527
120647
124073
107892
125679
129751
131654
130548
126635
123957
103350
122693
102167
108051
103412
130885
128555
106460
101583
100437
101716
105366
118080
116317
132713
131853
121339
107793
127200
127022
117828
123763
110402
105649
103172
106649
123100
128251
117276
107953
103352
119362
105465
102722
119499
106482
123240
116661
124016
127055
127916
118035
118037
115804
124111
125968
125492
101116
102965
118345
113030
105304
116087
125386
106611
110208
120686
124883
116684
105557
100749
125148
122812
122790
100724
117206
122876
107929
119491
118452
104519
126029
123692
120362
107790
128189
128205
129716
105580
101352
111292
115931
100188
126767
105443
119476
129834
118782
100366
104617
124711
113326
131906
106363
125601
124074
127825
123784
116498
107985
113579
112970
115352
106780
119671
121633
102053
123009
131554
132178
100088
124951
111799
113999
122060
132218
107825
113977
131663
120945
114445
132259
125525
126414
130530
103833
127054
118166
111797
126176
130165
123746
127944
106624
112715
110597
131252
116608
124740
102255
103607
102129
112576
103890
120143
106542
106556
116739
113416
113761
105674
111394
121490
110921
123070
108413
115734
101179
118955
105138
126154
108647
120974
128276
120516
102749
127560
118352
125708
113360
127058
122193
113140
103577
123052
106336
103852
100862
105494
129680
113425
120629
120195
122713
130246
120868
114123
109955
107654
111723
102304
122949
130744
101540
104387
116143
115780
101609
101751
116037
120486
100503
118583
129517
131649
131922
120740
107275
113397
117578
130753
110826
100083
100540
121698
127070
101328
124603
121058
104871
127449
112944
120085
116377
102823
115744
121469
103418
106483
100397
117441
127532
117675
112736
101722
125195
131652
113957
104080
119577
118355
125079
121509
119769
132183
114686
131408
101752
111065
130710
126317
121266
131768
112019
126194
100852
102590
109921
107813
127678
119158
126000
102156
116300
104002
132528
104485
131701
119464
104473
113496
128467
105709
105071
108074
106532
105701
122884
114227
127472
122121
128318
105170
110445
111050
113050
116511
129695
109349
121585
122913
116931
115832
103931
123714
116462
116372
122897
114943
127474
102419
122423
100324
124289
112620
118105
113592
108181
114244
114645
109813
126222
114567
119866
124027
110749
122296
117071
128900
130274
119813
103256
120795
118993
125087
120468
128073
101722
110792
125706
114000
112457
121646
118150
123420
102507
128119
106974
121271
117746
121373
109177
101500
123418
118652
121106
111054
116493
125225
122042
112138
100612
115334
119068
113849
104880
110995
127749
103179
116440
126215
130596
108161
108099
120992
104462
119785
129240
125879
126084
107151
116996
124439
122617
114610
116828
116495
128335
118325
110724
113350
122850
122519
109391
127439
115399
107301
132647
104189
107606
111726
111792
120697
107749
129528
124584
110865
123863
101169
111890
129747
112086
105640
109203
121819
102492
118141
109340
107625
118392
125207
130761
113975
111311
127252
132105
106761
117473
131974
118016
103557
104333
127324
109609
102469
106199
104734
128064
102699
117482
121310
126815
115444
113241
111211
119143
112912
124330
123079
108961
108977
114197
103899
104357
122659
108937
102762
116603
119643
131056
113220
129281
109010
126388
100028
104076
129940
122754
117083
106194
108947
121678
112086
124424
108866
125591
111166
127559
130911
129516
116855
128820
122128
119215
117739
111840
103218
101401
100223
114157
118766
109694
100295
125171
121485
113618
120181
127265
115085
101997
111640
100904
110324
104203
112899
125780
120548
125719
118410
103932
111728
121897
128885
121629
100526
117453
124590
123970
118797
104070
114493
115623
106985
118546
102518
118685
110173
101104
123505
118064
118361
100128
124603
110088
121332
128042
106827
124301
112899
103521
105912
104783
123370
102249
132265
110756
113330
106231
107916
100243
102492
129240
116875
116976
104565
105013
122043
111561
110827
120853
120471
118785
119327
121123
119470
120379
124731
122034
118936
118521
131270
127742
105006
109829
103798
101044
109307
124689
116037
128949
109549
119962
119494
120599
120656
119314
116410
128109
121085
127037
127455
103497
130767
111324
114952
116735
118103
107145
104306
110251
117969
112098
107350
116597
107094
120297
123067
112915
117075
131499
114318
111248
131385
120096
104948
117068
115574
128851
132063
129093
120229
111554
132320
107668
117761
115464
119612
117563
102432
100025
110401
113693
114654
113806
121306
132686
129175
126146
121186
129421
123545
104379
131254
123151
102616
124653
126094
121727
100580
124156
125709
128066
100121
131360
131478
123391
119573
123342
132322
101983
112752
117397
128847
117521
128935
104774
106875
120850
115544
106071
104722
106283
105909
119945
109028
116923
109107
113609
120123
101814
116610
121684
121707
125678
132546
110367
132010
104849
118004
132214
103970
127219
116654
100835
113733
103822
124435
104017
113505
104776
101635
125809
114036
127220
116111
128861
105537
123674
131248
121212
123555
119803
115512
110245
129058
103120
118280
125063
109252
101459
104068
111688
101157
132736
107332
111724
118474
117149
106764
102905
109747
121464
115711
108760
124975
109040
117007
119679
130549
122294
109496
104909
108399
104021
123886
116533
108633
120432
114772
109599
105099
126795
110766
102027
109587
104078
103577
101880
131975
100677
123514
130692
114330
122922
113332
130900
114412
129319
113438
118838
112935
104983
108212
109189
113223
110797
112012
106830
104249
119895
106764
117936
129704
125827
114779
115849
132372
105635
117013
110159
111396
125582
100419
123451
130621
107239
108426
125869
125779
131490
119458
125132
130047
110019
119050
101740
112082
127849
124922
118070
111594
122636
104602
127234
128706
105987
102001
105352
124494
116809
119328
131384
113224
128896
103504
120678
113861
118582
107753
114346
105227
121448
125572
109703
112806
123460
126500
104522
112825
107059
118560
126773
110995
130327
111460
103389
114306
104401
100314
126161
123884
130311
107810
116348
129435
110116
109705
101453
102233
116128
110905
105749
131005
102017
131501
114352
107844
111906
107880
128231
124323
128307
123623
114581
100188
125185
123348
132105
132496
122359
114044
107948
120340
119397
105347
102883
120263
131201
105174
115511
118562
105132
110306
130996
118544
105718
113412
120462
113664
120803
131648
106763
123705
104560
114485
101020
127086
102737
129104
123981
131987
125309
123969
116576
121071
103404
127659
117557
112497
119967
118048
119406
104775
104162
123980
111440
115373
129230
122224
114539
113411
110609
128019
126589
121891
109554
107508
110740
125937
104591
110402
109427
128052
108393
120079
124727
117924
114979
117763
110138
101187
132231
120141
107576
118513
112330
130015
121008
104507
100625
119771
120973
107637
120627
118344
131846
130824
115649
128266
107971
113932
120132
107281
107585
104218
129221
101584
110199
120155
101779
109809
117434
115173
122432
125255
112350
103752
109293
132100
124062
102755
108743
109868
103741
114301
105170
116809
120942
130705
124902
113249
127602
125672
119287
119845
126336
110573
111257
109675
121449
121662
123074
130782
132220
118783
107474
123636
105639
120179
120786
126753
106464
127949
108281
105547
130243
103235
130165
130429
113789
102757
103528
106463
111336
114861
118064
108262
129527
132695
105963
129224
113749
100978
120378
102195
103241
110136
101190
114750
130013
113819
120321
103328
108351
100640
116399
129055
109159
127216
111012
126284
119034
127533
112975
128366
104303
118146
113015
123836
102512
124414
128965
121551
113027
119586
114051
102230
131817
121144
114339
107276
102086
113639
127491
109543
125827
106245
114415
113554
118129
125356
107496
129822
101295
122768
113315
110325
123981
124047
114005
112399
117681
106122
127278
122728
117562
125300
104995
103601
111396
119208
121841
119109
107436
100480
109663
120416
110964
100131
113347
132491
108840
119710
127175
126555
112226
105527
127085
123995
127435
105725
111441
110919
105092
132004
110383
112507
130756
116112
107428
104618
120770
105520
128313
111827
105685
105357
113053
103793
102873
104227
121138
104691
103638
116975
125387
127595
126684
126665
108213
119178
109617
119284
109044
116428
114607
126196
117454
112624
128359
107423
116110
129195
129162
115063
102530
121757
127114
111159
131654
118660
129404
108716
109892
122032
129985
108486
103548
104119
108261
106991
105857
120425
103367
107163
123844
118790
119290
112161
119061
121263
124012
132041
106343
128539
127301
118310
108500
128907
108818
118182
107233
118528
108835
104807
114178
121771
122161
102988
109153
118437
107589
132177
100571
128736
113876
127515
120651
100702
113711
114388
115468
113056
103707
109109
132281
112226
127419
119524
108855
122501
124087
111361
125942
115277
112023
117499
132723
115916
117872
126633
104706
127390
131267
125078
102602
121559
118690
124828
110353
103226
113940
125620
103866
104620
124091
106252
130315
115432
130484
123994
128692
100979
120255
125809
123405
113619
100256
107281
128416
125692
127173
124676
131559
113419
109096
107878
119127
118326
100471
126533
117149
127491
124787
106858
111143
121785
115862
110197
115686
100628
126200
105264
124498
104765
115315
115741
114095
111097
121861
101201
126607
116001
132471
125317
113305
117330
123452
103787
121480
114917
112540
111934
113015
101922
107026
118429
128347
101296
113138
125081
116945
121424
125774
103437
115226
117964
132379
118318
125795
130857
115600
127330
116810
126500
121295
108630
117919
107229
114375
104266
110695
116429
115033
110512
116007
111613
108473
123382
110687
120186
122392
106912
110420
125956
129152
126873
116754
101126
101375
122571
101298
123339
107271
116461
118233
107758
119061
104860
128385
109586
108945
101806
117500
104404
105973
103619
124725
103422
100146
118556
108602
100861
122448
127409
118519
120726
125012
119421
109124
122324
121190
102173
127779
130117
111411
131481
114242
117862
123537
128898
108232
110939
122977
122685
104014
102371
121274
122782
118314
115340
107332
101817
103924
106019
130017
111860
111427
105071
123539
124257
102072
127775
131994
113739
109118
120064
131292
105231
117903
125811
104842
114733
132603
123423
128257
128671
127589
110307
103662
118634
121998
112654
111286
104818
108182
109267
101397
101266
105407
103927
123653
120044
102261
105677
111841
100222
126347
120420
126154
102647
106440
109823
103754
112072
126114
119237
118071
115325
111433
104634
132058
124750
108775
119022
114769
127473
129830
126197
129074
121267
130036
102294
113009
119239
113283
118983
109444
120286
109971
118490
109508
124152
119539
122865
100631
122489
124997
128951
107212
111999
106755
103762
126662
126579
130495
118163
109277
105182
108719
116080
114049
116606
129896
110773
100768
102554
102890
108790
113098
118930
102109
127176
116372
105658
128282
128817
113722
132200
113261
110428
131976
116300
128921
102545
111098
126976
121245
119397
107810
105440
112694
112942
126282
114972
128421
100026
117595
117260
101298
123713
116221
124099
125425
119447
104960
115174
100676
100774
100859
112063
120993
112668
119090
126861
124694
105057
114109
113438
126730
124876
112103
131232
108229
127254
109781
128693
129587
131855
117352
113349
102884
123279
117347
115608
117592
126640
120529
123428
132730
119354
123297
115875
126058
111967
115092
110569
103295
124585
104025
123637
107661
129584
112630
121030
124259
113168
111977
121968
117912
129818
108175
107374
131720
109002
120134
123450
127897
107385
131534
102171
120771
110548
116342
116542
119631
110221
122484
100873
103646
118097
119828
114348
103598
121337
121365
112633
121113
132356
119887
109173
123998
108613
119706
116911
110500
124377
100588
129488
120636
111452
127937
122484
121895
107868
118720
104376
106200
102158
132507
132244
128826
117312
107319
125292
101877
113551
106253
112097
121582
124634
125648
122093
126220
108535
104783
127791
122690
123812
105374
100227
106186
115904
121200
125398
124590
121275
108744
119865
103565
108107
125137
109107
113308
130400
115721
115292
103147
112475
122277
126503
112618
104570
126514
111616
116267
129943
103288
126871
117609
103699
120739
117883
108234
123405
111525
118506
114273
104407
102614
122600
110071
108458
101853
100750
119563
109208
101076
126117
121367
117187
114855
131187
110869
128717
124861
111573
131906
100495
111067
102030
107042
102414
105285
118239
131012
129450
120614
110424
106055
118425
121649
122349
104605
109204
118409
111948
108687
113104
122846
118638
118273
119600
116441
102508
129912
131769
128187
107669
125913
104518
112705
107709
132468
102013
121034
120023
126528
122369
126139
110791
111976
102633
126755
113521
112135
109170
120987
115734
104240
112368
114545
103904
101682
104459
115461
116155
114714
123175
116338
103015
129913
120868
114289
101067
101223
126536
104059
126605
125639
116089
127278
130271
108237
103856
116722
107932
105406
100010
110044
118931
126711
119265
113107
110371
125489
114874
121841
117768
105475
121600
107051
118132
123304
121233
110645
105825
114179
110935
126624
125990
106976
117370
111942
115017
100733
112596
128231
102037
103241
131750
107540
129388
127979
122505
127820
118366
125830
121255
101478
119546
106556
122154
123182
125411
131569
102901
118099
113959
105297
130450
102273
123597
128020
125804
122314
110509
125056
128575
104778
109701
105008
116172
124171
123208
122389
120017
107558
125625
117690
119608
107307
101945
119244
129167
127171
114653
127961
121528
108948
118468
103768
105698
113509
109480
128490
101048
123779
130482
115423
127959
126051
129427
123388
121734
126600
110288
121211
118945
104615
114525
129364
131543
115466
111982
108987
123414
119346
125834
131818
127298
109760
113377
102944
130349
116886
123871
126954
126660
103225
124161
101281
128902
113017
111592
118836
111419
102997
101548
132647
102882
110873
117618
104156
105963
123593
132161
103698
127654
105154
118033
110251
128764
103071
126501
125874
110685
106842
126107
122524
115193
101811
107330
109006
126003
122838
122283
130656
106578
128568
108931
129057
130170
123330
119327
129755
115676
118065
113241
128216
108329
127933
100507
109220
127308
125688
121145
126997
126040
115706
125700
127625
103103
116667
129564
129135
123078
119488
113925
113161
121397
103418
112637
112495
104531
111339
121485
110552
128017
106762
105311
106005
106630
105065
132687
122462
117147
104853
127172
123217
101128
115389
116801
102456
119679
100887
110391
116363
100390
104832
121886
132278
130123
112995
126659
114715
102740
114907
110564
128091
103156
119068
126714
121297
107429
122895
127574
124256
118098
120380
109935
128367
100947
115693
110971
118833
121503
127376
101436
120618
112957
118622
100637
103407
132604
100410
100477
131629
112484
113628
123211
113388
125164
107566
131283
124181
104814
109046
113879
102194
110039
109750
101346
120438
101411
131536
104409
130813
123529
126702
122579
123220
126706
107425
120362
119100
121520
128585
115667
123307
130669
124980
115178
109076
107105
111882
106641
127208
102089
127336
104955
122717
131220
130251
101572
107118
120415
117424
110724
105763
100771
116473
129187
102418
116781
121235
104815
121382
115151
118102
123755
112287
130646
106028
125162
105562
118715
127606
106973
107091
111774
115627
131562
101736
114415
129602
111806
125792
119535
131283
128163
122667
119383
103033
110421
131691
100310
116858
126225
131124
124609
109354
110064
118032
127751
117260
110963
106567
124259
106299
121951
103005
122837
115208
110795
132315
116306
109797
101495
112467
102331
105090
106847
109982
107276
114229
122000
117608
103638
121759
110395
116975
121071
131469
126472
124167
113767
125980
113324
129122
113599
119329
109502
118286
100694
106951
108230
124223
120868
127098
106648
131151
114346
107012
112608
107779
116265
101110
122365
127504
129555
102986
131603
126429
101311
104006
127579
111243
122464
104612
124862
105267
102200
128495
126883
120430
118281
109616
108549
131611
104909
128202
131528
111708
112038
112035
130381
103906
125464
101764
103748
127339
124534
131011
117697
121992
120474
131871
101778
122276
131289
129003
122833
111426
131127
117103
101301
106630
126678
114315
113837
123639
103605
114077
115888
112003
126615
100261
129742
132292
106816
110247
124940
112769
109799
117585
112238
112248
128233
112094
104021
131674
126907
116282
101899
106264
103202
122727
124829
103773
118950
117279
110825
115547
112196
107195
131575
121291
100195
122451
130445
109103
123401
109351
114685
109147
115791
110653
110658
119091
132626
127052
124747
110774
105196
119769
106903
127292
110690
106144
126722
102907
130143
119861
103647
103120
118754
118763
120390
125757
115187
103413
104111
127662
100059
103371
101056
105984
116628
130512
125796
112195
101759
116785
122653
126143
104021
132368
101787
127030
107616
115170
102797
124777
106219
128533
113847
128221
104183
115958
123461
108511
132143
104147
105311
130758
118302
118108
113149
122488
128416
104271
122365
107312
127638
108373
122995
110206
104926
119335
100672
104079
106371
120820
115430
121518
100656
122119
114842
114955
107755
120229
117403
115131
120831
125236
107715
107265
121402
102563
115547
109260
110937
128005
115252
100736
131265
117631
119283
123385
131440
116581
102317
103118
112178
115616
129716
107730
110616
117331
130224
131809
128806
108990
112625
122585
125772
106850
102403
124902
111000
125541
106627
112131
131497
106297
103986
102077
124775
116345
106056
124730
118001
132371
122891
116603
123095
113580
111775
127710
109706
103232
102688
129511
126736
113929
120558
104767
102396
125347
130632
100861
114334
113517
118557
108325
102775
112690
105502
101486
113135
130569
111640
102985
106571
114553
130433
117534
130009
117473
127057
124377
113517
106775
123411
104869
119313
122704
120891
130807
113657
131136
119994
129487
118709
112770
118992
104763
110506
127545
121377
102428
126915
109560
132620
109356
115556
114399
110392
124992
116640
118791
110959
103115
114091
127265
104368
100772
117138
111705
127103
102921
100649
112513
113792
121827
104261
125547
109380
105291
118572
103574
105059
121678
123978
122381
101067
126445
107046
122765
131159
105832
125076
130534
130980
131773
112683
103587
106016
107883
123641
111597
120931
116859
111990
128429
107203
100545
109495
110065
124962
110688
100068
129681
125707
123788
120556
128530
113918
101012
117879
102858
114695
105759
124701
121669
124565
111285
119765
110824
107914
130178
102320
109012
117903
101463
107207
111886
112810
101618
100209
111580
103698
118655
102842
103282
106050
119391
125713
109005
105292
107815
128577
121312
131440
118252
110499
115438
128493
103358
122257
130871
107031
119410
107805
112086
101802
113573
120579
132074
127838
108797
100573
131316
115643
123826
118422
123520
117295
132429
108577
131848
108638
120240
128875
118805
105401
117335
103054
123815
115026
101085
116295
117975
117742
106178
122026
117691
122972
108651
130068
132234
101382
119146
127586
126464
100806
117760
114784
130820
116987
101856
129412
122761
125659
108598
117725
106674
109067
123112
115782
114745
122989
127260
107231
129809
106297
101626
119742
111434
101711
104627
122849
126262
131019
110274
125543
108490
131290
121714
101888
103494
112845
111008
110243
127257
126316
105666
103295
101374
101261
103464
122163
110444
126693
103298
109633
130861
121885
130211
101312
100428
123176
116356
128082
100405
102357
105868
129878
110360
116384
121102
131679
123278
129998
125460
129764
114047
114361
108379
102969
124483
123752
105118
121277
121863
101474
111383
114518
123507
100036
131396
125466
113290
109714
122855
118607
111569
115019
110160
103318
121011
130240
131038
101475
113188
112677
124100
128432
106117
127337
110601
110579
104391
104643
122579
105037
115924
121998
132324
122116
115242
124758
123493
112691
101833
115763
100066
109248
123472
122197
107927
132495
118115
116961
130794
114421
132431
120828
131896
105072
115185
105508
103124
129173
105684
120519
130893
123721
113817
100110
111088
109108
118684
100858
105358
107379
104916
131251
119168
124045
104955
127261
130023
100265
100847
119979
129336
119038
114265
100728
121593
116874
108940
121236
106437
105479
132528
101531
118422
122139
125471
112525
120644
126927
118799
114393
121928
113986
117362
114363
117190
130719
128282
118216
122315
111692
122657
118216
132563
105828
128136
114371
112014
115560
109342
116831
105187
126513
128675
126313
119606
103465
116782
105905
132582
105147
105676
104987
100378
129800
122730
122611
126398
106204
106997
100481
109512
100832
127423
124381
110528
107281
117541
110085
102527
111216
127087
101165
113719
124667
108535
127062
116659
129245
107918
126242
115424
113634
107291
127975
112269
112173
126085
116226
110447
102189
123603
129646
129640
125645
113298
119445
128520
132331
129399
119141
105813
106764
128838
116903
110535
107086
124402
118924
105111
122782
107782
122249
100154
100394
123971
125029
111400
109593
121227
122001
128225
114042
101886
114871
102962
105851
132706
118165
117684
100828
117448
124684
115095
130723
102764
109428
103837
122896
102622
101683
126569
131283
114015
109198
114682
120957
128398
120767
130419
130613
123460
102215
104477
113580
101820
113797
126894
117843
128503
103560
104396
105675
106078
127266
104141
106140
124074
123453
131521
132139
105729
125298
104882
129254
112993
103384
118314
108994
131138
124442
116982
111079
104055
118477
124714
114601
122966
103168
115557
132539
130584
125204
111958
117919
124803
112078
125567
112737
125638
106410
130105
104069
103076
126066
108281
116798
112596
122128
100049
105697
115112
129953
130362
110744
121326
102346
107536
107355
104468
109903
127454
113692
124815
102625
127836
117826
109948
114488
114230
124761
127368
105058
131343
115464
101902
123227
120006
119619
109440
118237
111352
128705
101128
115833
112070
116657
124015
117479
132312
124073
121661
112795
103329
116191
118562
120216
103653
127643
101268
121737
116601
109292
105146
101646
131147
121243
114569
120660
103842
123485
121645
111080
102310
106572
115114
110797
115234
108696
115139
130252
111497
107898
123931
108043
128311
122218
107930
132321
119034
113298
110866
105705
126929
124546
121890
112213
122355
118309
125787
106885
102419
106996
123298
121049
118243
108137
122581
128195
107991
125111
119218
108064
118315
109496
131316
109256
104231
106791
110526
127075
119458
115471
123197
121215
120005
123267
130954
121056
127505
112784
125389
120599
106147
107120
109992
104023
103095
113152
126931
100483
104556
131445
116739
117643
124615
123210
103441
114681
110073
103292
132696
126407
112869
118522
127839
109428
116701
116567
107192
113495
100524
120003
108327
119602
118746
120889
131591
115210
128811
110586
103914
108598
132457
118841
109696
128439
131939
119832
103354
107207
107062
105171
103982
120500
104139
116027
119486
127215
118433
108391
112500
108640
123341
131750
107441
111869
124479
105399
128391
112539
100422
131389
132707
119812
101463
104045
121583
110921
105994
112138
100918
119898
102501
131475
106506
100563
127837
110779
130722
117785
107162
128281
131976
126630
110971
116257
127923
122785
120922
108883
127727
120498
116497
117426
100998
118804
131260
129400
131865
102124
107713
122120
103887
104921
117006
128548
112818
124364
117154
114784
100949
107290
110927
100310
106682
123087
106430
116508
114548
129606
118963
106867
112905
131830
108690
118081
130970
107663
125475
131778
108742
107334
129426
115450
125131
130156
118970
101102
116974
119622
100514
116499
105758
106521
105544
105223
130260
120196
116894
119167
115517
126994
110035
100481
121499
107536
103891
126419
120553
105884
132113
106419
107453
100095
127620
132552
117107
117053
122863
112217
101768
113386
103270
113597
127556
110910
112910
118290
121244
108396
113700
120114
118614
127024
131649
116451
114286
107943
125916
111950
103865
117604
114192
106931
106440
120512
121247
124762
102927
102769
123704
119501
104262
100959
114933
112964
121104
100531
102696
107617
117979
111920
130647
124445
116743
126406
103557
108803
106314
128868
129971
118940
120147
131599
113575
114218
105645
111409
126188
118168
110823
109107
129818
106162
117490
111437
121944
130706
111818
105629
123422
132442
114776
123255
100160
113705
107928
106493
122664
122695
101367
101615
100962
102563
115455
121284
119903
102016
126517
114937
122482
115307
108610
109737
130079
113776
123218
109406
107669
126605
130234
108327
105849
113767
127453
103146
115429
111420
128080
131580
102577
130585
124732
122351
119025
125517
106500
110251
103358
102429
113704
108736
119866
127929
101994
128507
126670
111215
124719
126008
117942
102431
113703
108150
125120
129263
127792
111665
102736
117567
119928
119532
101288
130528
124898
124429
130150
128640
115116
106733
112974
107625
131662
104240
125002
111468
101797
108370
102319
125719
114000
127875
129986
101935
103003
122037
105851
118362
109082
111603
116361
108571
129624
103924
124565
113411
104626
107760
110027
127526
102717
103602
112791
102605
102511
113903
108716
128874
123964
107990
118603
111825
104575
115432
117954
112548
111260
118794
117043
111631
118883
132312
109206
102838
110136
102973
125953
128492
120945
106048
129575
114214
101376
111137
112928
130735
100946
118437
104296
121245
124023
105134
119337
115203
131458
122894
118461
130920
123955
117405
109934
132472
127955
105866
129409
127994
117856
119534
105076
119554
121322
121255
125571
122728
115517
124259
104049
129912
124864
132347
109188
104427
128157
127747
127186
108823
120098
119967
132283
130146
131688
121495
114615
131580
128562
129198
123730
122574
115991
108336
107636
121517
107492
123595
130022
130772
121916
122527
122898
129169
128129
105624
117770
103486
102136
122876
112588
124019
115751
110144
124357
125306
130178
119328
108947
118019
101703
103663
101391
132633
105639
107051
127115
129365
102694
117076
106328
125266
102468
102910
121228
117600
118877
120358
121345
119933
115150
120514
124833
119425
119641
130715
122081
107928
120267
116575
116876
126453
115419
128242
101314
115141
125782
105222
104768
130914
118905
106731
113122
102346
109726
112552
129637
109903
126748
128586
108146
131728
110440
102524
128216
112039
121728
121688
117018
111524
107913
103549
110121
118843
128182
106338
126578
101817
122221
109802
126235
106812
124069
131384
107658
100132
103059
117700
126504
113605
104581
116142
128868
126046
101902
100947
100346
111695
100707
122399
130421
113286
104197
120738
106482
115515
119968
106213
111656
100829
111411
112382
126629
128844
107634
132578
109658
100424
112489
102011
103514
129066
125025
102650
100063
132049
108551
132463
130446
121056
122315
107670
114940
132391
125319
127732
104304
129630
125025
131619
119019
129561
114930
121963
119909
130552
113320
118418
103002
127006
107624
132084
131205
116709
118392
108758
131820
122576
121757
100087
124444
102850
109952
118888
118454
131693
127062
101534
115242
101644
100800
121798
109763
116309
126704
132184
100580
103849
108046
130799
101265
114575
128730
128088
129584
128096
102034
123368
101777
112452
105238
120851
132653
110940
106826
100155
120235
116033
103100
102086
131497
128686
124551
115315
107448
129657
113015
121326
109224
131784
113005
114338
114951
105345
122885
125902
130276
109314
114807
103643
113880
125715
126139
132589
120392
126488
112113
127672
129252
132236
117759
108437
125811
104106
131196
118996
132563
116333
110797
117844
101435
126395
105357
112978
118724
117981
107827
113279
112680
130355
118766
106069
105161
130086
125652
123306
131829
123485
113724
114822
118632
105268
109416
117042
117010
110698
109928
107921
104219
130585
129338
102067
111653
123628
116534
106152
116945
114828
106410
128146
102276
122971
130241
122622
107883
102501
115625
131189
126140
101524
121076
107085
123967
100387
119871
108997
104462
125780
104210
123730
102297
104806
117512
104499
122092
119489
101168
107083
110901
100213
113842
127536
105088
110050
121526
113536
118470
127416
113025
113524
108582
118563
132321
118199
112242
126527
130508
115576
100845
119506
113476
110782
105299
111674
127613
107515
128282
102820
100930
130021
131576
120447
130453
118657
107685
107313
119190
105600
130274
101896
107174
110543
130490
127091
101579
130154
112904
103538
127830
119921
132153
120395
125892
112765
121427
102015
118755
110900
106294
120828
113462
124699
108579
132756
128921
126124
109946
123310
105768
126633
100808
128827
125278
114351
125440
105196
102778
125966
119561
124322
103463
122584
106617
117031
118363
108856
123041
101403
120704
131845
111049
115249
125138
107415
132284
103579
119816
126426
125064
126658
118070
107168
115583
123707
101362
101692
105857
122102
100278
122444
122750
127161
119685
108758
109622
123597
122065
112023
112195
111864
102813
106647
112474
118955
111071
128257
126158
106875
118824
113458
114005
111573
116102
109840
125967
109550
105642
132253
130244
108794
112710
104652
109934
125086
112825
113811
108791
114343
124142
103489
120643
111868
105089
120082
126577
124881
100644
107264
108894
127518
113986
131293
116587
130640
114146
132767
113025
118590
115149
119291
106578
120158
114675
124213
131041
107577
122635
124982
117828
121884
100474
131039
111528
121873
107126
110493
117143
118797
111979
129341
128886
126827
131229
110338
120402
130969
115216
109557
120284
126738
112037
124541
119985
105612
102277
102703
101855
106098
128450
114151
130981
106132
113980
112408
110459
106014
126402
131936
126802
112070
119162
116576
100381
108106
103299
129482
126352
118042
111064
105915
122664
119121
116344
128844
105067
105706
125892
126564
131697
128561
114728
103376
123043
118135
118013
130197
107203
103178
119982
124804
113197
108901
117786
123152
131164
116643
131898
121181
115887
122938
114948
123033
124781
122853
120463
130447
108040
121058
126327
119417
130206
126558
103811
132118
114885
103470
120197
104189
121224
128703
115586
112433
112813
106320
124947
105973
129338
108638
127243
100834
116535
104032
128858
130358
128180
108725
121906
112239
122894
112347
131432
104217
102255
126433
123164
126180
107924
131615
116892
119033
103379
108836
113286
102798
109916
126960
113709
121272
131007
115044
102974
101249
103598
110838
110756
131131
131332
122281
123304
107284
124167
131389
125021
104938
115178
130978
107067
127072
116887
101043
125962
129329
132523
110113
118274
121284
102081
120749
111408
128001
103667
110491
110619
107108
131230
120163
105640
129615
129638
119977
132411
100517
132474
124527
112415
113812
102169
119434
125992
128178
104278
132434
121238
123468
120600
109982
108093
112378
100196
128752
101347
118903
110047
111596
108522
120496
103054
101647
114479
131099
115425
100253
129329
127050
116208
129243
120438
124096
124420
113023
124458
107523
111449
109925
130826
123635
107554
127875
130944
103513
128462
119327
121103
120515
111498
111423
125682
128144
132615
116066
126976
109127
110717
103533
132051
108333
122608
110312
131881
130070
108978
109418
117642
126075
127529
107090
106028
120269
130258
126904
109075
106761
126086
119204
131452
127629
131836
112253
130684
101418
117392
118724
121573
103802
101698
113922
130921
114291
113922
123646
118274
127037
110891
115508
125841
131137
122189
124803
117957
104835
124207
112166
100926
118833
111124
115173
114674
103292
126270
125580
130000
127398
132017
123293
130980
123484
104249
124738
121403
101191
131246
119685
105415
111326
116599
114627
108932
120190
111181
123998
128156
102588
120129
130739
104521
121082
114945
119628
107321
109880
112471
106582
102454
113965
100594
103509
111110
112022
131177
105750
104080
108239
130685
107237
107841
113056
109471
132097
130222
108121
123570
123981
119675
107041
112913
107848
123003
112267
116692
105023
101912
112490
105039
117954
130294
117479
124380
124244
104915
112592
126683
101478
117426
126515
114422
120711
128824
130604
102570
104149
127062
127227
103426
104119
129832
112729
127142
109006
131869
108557
108821
102184
112473
110010
115503
100535
104279
113403
121334
112130
111315
103857
130197
100123
106727
131740
130722
121809
127604
130601
105888
107302
107459
128907
106440
102148
119148
115213
118793
110635
111735
110759
129869
101998
108994
102351
119550
102687
116898
127377
121032
117704
117965
131042
112545
131867
120696
117042
110087
130604
117692
113472
126345
128990
117310
114738
103305
115867
102415
111077
106304
131145
113873
104322
100611
120953
115740
123218
122564
116449
101920
104147
100827
118796
101259
109323
107015
105040
114861
125724
127407
127233
101337
113433
102254
100324
109327
103704
110799
103142
115929
130696
105045
132622
129139
124869
118975
102833
112942
109034
126857
110309
129302
104167
116918
118839
124627
118739
111053
101025
115405
120195
107042
117430
102292
100187
132694
125472
106878
132196
126241
112972
119186
107167
127311
119140
120740
127129
132361
115326
102338
128320
131670
127507
110287
106997
107746
114098
109166
109282
119037
112117
120866
113038
117734
132533
100275
109998
117066
121210
105683
122943
127496
121653
125953
105681
116791
103986
122542
116006
101482
120648
107166
119547
100402
122195
125074
109606
123365
126436
128548
130273
122270
107062
102130
101478
110469
131172
129278
114620
115537
111834
106581
114384
105739
131081
105967
126919
112404
109664
107991
113811
131433
106615
106635
120516
124454
123277
127910
126369
128841
105012
114108
100984
108985
129355
100742
100146
115079
130349
113727
119594
119667
130856
115533
129600
130994
103217
116004
107049
117230
102357
121192
127497
111247
119411
101457
104515
128313
103337
110932
123535
102549
122892
116992
105550
129877
100636
130598
108315
109170
107127
130620
131491
117944
122700
110851
110774
122757
123923
103272
114334
131278
123003
113064
115887
107106
132516
113848
111391
131699
109711
104164
117528
101714
114899
111542
130828
101498
115601
112409
109897
116432
129705
114622
125133
128553
106542
108735
115803
112141
108056
102019
119758
118715
123449
105185
120750
100204
112243
121992
116481
118492
100647
109982
109411
131335
106992
126375
131929
101168
114322
103081
106211
108328
128045
120205
109136
101069
110775
130505
121686
110801
127144
102460
128098
106173
130295
124249
102957
117813
116038
125576
128912
102269
109146
103113
117657
111420
117965
113307
130526
104832
111623
131868
115985
102403
123242
125041
125909
113069
107469
104296
122832
110937
114476
116316
112386
117212
113821
103770
106325
102211
128646
113025
126069
126301
111886
128943
112609
106362
126673
111194
116547
118129
131544
102075
109821
129512
129224
128306
120580
107983
110681
127206
131057
118062
127242
111276
112213
106785
119060
113450
126541
107296
127644
127036
119127
132484
127532
106902
114788
128327
104804
114859
113711
110860
109037
118734
108492
102751
119983
117911
104836
124477
110916
104841
110048
118231
117164
109297
102660
125075
101954
129809
111166
101972
116206
100734
120287
125179
118429
125383
129354
104494
115182
107863
113994
115288
119342
128157
117417
112368
127879
103274
124158
132607
107892
111770
106438
110812
127096
121078
125366
120890
125968
101721
123472
101221
123110
119826
110005
105673
121671
114058
113338
106420
115159
128039
110397
127837
115844
114543
126650
130852
112568
115313
126745
132123
110547
129376
118730
108486
127192
113282
124692
105503
132710
114248
113066
100573
104427
127679
102528
104950
118036
106023
106716
120675
120456
103648
129712
109091
126677
132750
110887
111234
124842
108149
127358
119707
104264
111397
130069
104476
113203
106844
111558
119881
105773
126504
112501
108868
107364
121932
113128
118155
130283
106725
101337
114370
106855
115533
101450
114867
123659
111680
127769
118163
110022
122941
109012
121734
116410
114991
108238
105318
106481
111437
130675
103616
103499
102719
106200
115488
106427
121730
125335
104591
124851
126733
106457
100697
108509
102197
119988
132372
120588
116430
121272
131293
104562
124051
121284
128741
118035
104136
103966
130861
121209
125469
129475
124301
127914
110550
128764
123131
101719
102185
123698
118794
110166
116199
115971
106161
119635
121951
116886
112974
107714
118912
118315
110826
104983
130109
116470
128191
122170
113462
119853
115959
131637
103316
121952
115383
124720
124468
101129
115036
118944
125449
126564
113925
103867
128699
108416
105041
127279
123540
123030
103274
117267
128925
130459
128578
100638
115716
113425
104476
118295
117185
110370
107087
104844
119161
123119
105542
114375
124067
125478
120524
111102
111337
120530
105606
100042
124625
112504
117697
111322
109980
104799
114031
125161
128623
121135
105835
106477
109744
132030
104453
105106
127411
112934
131258
131814
104854
116251
120387
126550
126825
124795
116690
122329
132242
125991
106392
101995
102256
108818
112266
110013
105791
127895
120165
116523
105276
103952
108271
130286
129801
127652
106368
123283
128594
116832
130498
132523
112049
118409
116917
101829
122575
105009
126710
124057
118221
131593
125760
122246
130530
128118
102963
121663
124229
127975
126292
118465
116813
109925
116566
107144
116694
122220
118168
124418
110312
128761
125678
118084
115603
114916
114596
121084
106269
122224
121536
113318
119136
127009
104584
116995
119661
120269
117316
104647
101749
107254
101189
101778
127978
121943
124710
128802
131041
105917
111954
102087
100027
107288
118214
125207
111876
124882
129817
110562
110747
118879
118201
112745
108051
102934
111735
117194
116058
118079
130630
108479
127384
101741
108863
112008
108634
107534
107241
116006
123888
102720
122296
124618
130323
126694
122835
117901
118732
102907
110362
104033
108433
120359
114280
105032
112304
116624
114709
130244
105713
106227
131520
109966
115062
115699
111947
105610
132071
117169
117542
113403
100556
104860
115153
105716
107834
114827
102044
118543
110002
102921
132018
111712
109638
103919
120661
131244
115197
128057
110699
107223
112505
119570
121914
111516
131287
121649
102768
113793
112855
120424
124006
125705
120637
105594
118949
132139
108151
115246
129962
109571
113791
114337
103654
120264
129795
129760
128777
126974
121540
130998
126592
106732
132668
112067
117052
108369
100227
125902
103350
111443
101747
104285
108336
117688
101387
131970
126269
103256
113681
123383
130179
131794
114171
127597
127680
125567
123920
111650
110603
118948
124875
120242
120669
131052
102016
120623
112719
121365
131393
103027
132645
115433
121859
105909
131084
112496
112637
113755
126624
124260
111953
119311
105137
120549
116718
101397
106823
132718
117685
111836
116963
126728
107483
124371
113672
126141
125326
101245
118010
131408
126427
126920
108230
119083
103119
114331
102274
126105
114652
112814
106454
112949
128383
100510
103356
102307
115744
126529
