105101
108125
101541
115669
101020
111086
116468
109856
129110
103733
105477
107649
119988
116181
102712
108266
115125
119648
120622
115846
125093
128130
127534
112530
132511
128124
115143
122222
117841
103636
109495
116212
100863
112459
126476
118024
108746
123920
121993
127600
129075
131123
101707
123879
122587
116828
112813
126316
121228
123837
118888
115680
125821
107333
102911
122320
123858
114967
104538
118416
105571
111674
110768
120713
103870
126098
128683
107475
103535
101135
129991
123399
107391
125476
130556
110670
106554
100987
127388
102078
111413
112615
123518
117735
121488
129690
127068
106408
125305
108696
125562
125000
106737
109419
118408
114113
116179
118296
110282
118623
120850
108371
115574
114570
118594
127983
109406
127456
131162
128408
106446
130952
102584
108996
106424
116162
105061
126183
120334
115394
124315
122342
114544
111806
121732
103887
119559
110406
104005
100295
111281
105172
111163
105796
108126
119460
115844
123516
124602
120005
105154
120605
129804
112753
108571
112446
110173
122522
115589
118933
122846
102597
105280
112619
111236
131611
131491
127694
122869
124605
128796
125318
111271
103769
103795
111946
125766
124667
114766
106163
103767
117029
114426
122992
102172
112161
107368
131644
116919
100246
107126
122893
130705
120666
115056
110990
127741
123527
130263
107984
125721
107217
117857
124732
127733
102934
108608
105421
109816
117815
127911
111996
110719
131879
127115
108283
113606
129345
106663
118949
113932
128479
112578
113078
128754
124968
131892
125367
115749
109609
125607
128573
114236
108072
126491
104659
117732
108596
116013
123189
121402
120321
131992
120767
116088
129779
124668
107556
111828
132729
111070
101475
126373
107164
112624
122871
123336
104664
130963
107342
130370
129322
105627
102269
128806
112490
108626
113202
108986
111323
129727
129514
112085
121857
100648
121444
128395
126130
101845
111957
131596
124528
122135
115549
118986
117494
101257
112954
109530
115473
117142
116028
100765
108465
104507
131320
100255
106816
113422
109377
101567
119090
101248
114260
120465
113118
102751
112211
128512
120972
132255
105461
130872
107983
105561
108411
127171
126997
118548
102374
103921
115836
124996
121447
125054
121319
104208
114199
111983
111186
121432
126952
100669
124514
126455
125659
108341
118592
105797
100468
102431
131752
106208
130412
121886
120125
122285
102053
125911
120608
119577
103011
111829
130752
120485
102840
109868
128500
100001
106048
105053
113991
110135
110607
116602
104850
117932
106472
124555
131025
106979
102831
106799
127791
123939
123681
105607
100707
131865
127683
128079
100671
105505
119576
127310
120710
132033
114199
130801
108031
100470
122076
107571
104647
119476
112542
132031
120299
132648
123361
108377
111414
100416
112365
105082
128584
102381
113278
104506
121576
123560
127421
118899
119708
123571
116847
100388
112758
119457
120429
104723
120880
127512
104788
103607
106364
120790
128637
101972
117397
109810
104752
118888
120090
109924
131348
131398
105500
102856
120042
129793
124534
116319
118139
121483
116572
103255
117967
100894
102199
105036
128416
117467
114352
118030
120590
131506
110603
115109
131221
117633
125623
100242
102971
105600
120099
123480
105742
126684
112851
101691
124877
115874
117938
126024
125926
131295
113066
118421
106144
121862
118130
107978
121498
128913
118695
120544
130420
120043
109855
100393
101836
111502
126330
102545
130412
105064
108281
125987
121793
102532
124052
121295
101520
116966
111174
132714
120548
116151
115628
125174
122955
112290
125134
111652
124993
104061
116029
131351
120813
117804
130398
104299
129547
119490
118277
128630
126762
109802
115269
132045
111127
108422
129927
131850
114841
110485
114650
113357
113758
114522
115338
125697
104502
108219
121588
129121
107903
111335
105880
127290
103904
129339
101232
118642
116027
117095
117633
105417
122844
101068
107183
120415
112887
100649
105941
116855
124241
128119
107029
107386
126525
104465
120685
102719
110794
101656
106891
104841
113979
125974
105187
131281
117431
115169
116222
132166
103234
117699
125205
104211
109548
114391
116702
132320
109896
106166
110502
105883
114720
124755
100768
118392
123495
101924
124797
117814
129135
106115
114236
111269
130653
128339
115524
114021
126425
122854
106416
130544
109578
107038
126442
111322
103361
108499
111995
107608
126964
124277
121121
109056
129647
109555
109346
114127
111302
127963
105441
114800
106894
123842
112303
119483
121804
103910
123107
125053
121518
123154
102189
129143
129913
108738
124199
126377
113603
129160
127789
114128
132578
126638
132719
117037
106916
113181
114500
124808
105793
110461
123330
116341
115341
113054
103563
130262
126066
108823
131561
128929
118942
108333
102174
107491
102777
118774
105973
129541
109658
112574
101533
118350
104442
122793
124855
101034
108329
122266
131758
112042
132031
113492
125511
125643
120278
119007
124281
108539
125750
106030
129150
103513
127761
124926
106026
107581
106993
105473
109436
114296
119278
114748
102771
116445
127780
127405
127266
111104
122980
112178
112135
132669
125994
107942
109209
126460
113103
110157
113440
114484
112384
129138
121545
105518
117103
109902
114426
102796
132296
107820
124131
120201
130279
114891
103766
101506
100424
127492
121560
112310
100031
112556
105976
109386
131177
102588
121823
115856
110818
109231
109353
106888
119480
118572
131827
106663
114464
120037
129077
128984
112104
104383
124243
101825
123309
113715
110574
129095
126030
115188
106752
115796
112544
109010
131880
125655
101988
111326
129858
104205
123254
127695
118587
107008
124231
118180
102179
124749
107404
102539
119940
120617
120120
111618
101363
125350
104616
100668
130276
120627
120862
120518
132035
113250
128113
108650
111168
130799
100355
120404
117226
115197
120306
100211
115967
100258
113043
111394
123266
125350
109084
124424
123535
107400
108192
118332
130028
106434
106049
119469
105440
125518
108705
113090
100168
109673
107161
107325
130023
103831
131886
121189
118014
120295
130240
114020
110108
101752
114309
119534
106552
120124
125494
110371
111869
115964
102920
118455
105573
105117
119518
104272
110729
124577
122557
100399
127928
123377
101248
122387
111814
119001
113101
110170
118182
104276
108615
114026
110651
123530
100101
103503
111980
101271
122692
104869
123511
104334
107352
111033
104583
129213
129769
109035
123528
128307
106331
127831
120122
120448
121998
127156
112004
116412
100808
121723
121100
130763
102127
132172
128260
109022
117244
127631
118599
107069
125100
108375
132516
125765
100984
100235
122745
101548
114376
110919
122244
111373
111460
114816
130039
113056
108331
116455
121546
131400
128263
129808
114773
112852
117536
123604
109086
129662
123472
130292
122864
123576
117208
110078
113965
132137
105297
128117
107620
122098
109285
108588
119078
110901
100286
116979
130070
126680
123071
106613
132416
130694
106866
113505
104620
108023
121666
130504
131378
122738
118507
120519
105871
117392
109102
120677
109497
105026
118217
110782
122480
107541
110502
122210
127254
128181
109907
129528
110016
101808
123570
102695
104845
110717
121074
122550
113463
121533
106941
118257
110567
120768
111283
112463
131662
101195
103704
106835
129009
121241
114121
100528
116932
118943
106869
127920
128251
128661
121097
120022
109853
123313
125548
131267
131162
130358
100717
113494
115998
106413
124154
106519
126950
120434
119954
125398
117843
100979
129532
122255
117884
123445
109370
122001
123529
132376
112825
123359
104574
107483
123850
126679
121428
125538
104790
109329
108110
114359
115916
113546
104330
127312
118623
103682
130775
115344
106351
118178
130502
123279
109636
111074
120836
116766
129538
106666
126694
104454
102873
127671
105286
122257
117373
127297
121230
121676
128214
106459
130066
115466
114936
122266
120739
131116
126805
106873
106080
128800
107057
120316
122064
122408
123735
104468
118062
103261
111115
122179
128260
103411
109887
115968
114940
129214
110090
104797
103154
105461
124501
115431
128589
117815
120792
111566
126608
110795
112453
101958
103468
115500
102338
100908
127897
131525
113309
122349
123556
114681
130875
110244
114699
112486
126802
117634
119111
114283
119640
112755
111273
116711
113468
117758
101800
102468
100179
124013
100730
105397
130453
129071
109025
125371
114441
132474
102472
131566
110974
107829
119566
114170
110972
115988
122658
128232
106618
118021
104400
125855
107345
111563
108762
110250
107761
116456
114379
112955
127315
108993
104840
101744
130223
118781
109864
106966
109294
128814
115973
116780
109410
123827
122131
127337
113845
124125
107889
127744
126239
123984
123966
110946
109276
132268
108974
119748
112862
103277
100957
124195
121791
119312
119779
132742
119545
121464
126888
104068
127577
107151
124922
127493
126897
123696
115548
111181
112846
124485
109089
101430
124329
131116
100922
111804
105185
112736
109901
126655
127081
124245
128263
108037
110718
114595
111026
113535
131805
110695
116490
124621
120882
122598
103244
119043
109011
115060
117905
117934
123310
112021
116826
118546
130689
123745
123244
102070
116809
127021
126942
125731
108796
115815
100208
131560
130426
125122
127006
103649
127681
114323
101621
107961
115553
104315
107814
125614
125233
127047
115545
131220
104255
119572
106307
130589
102413
107703
116091
117847
109562
123228
127369
125046
107518
101484
118336
127700
128154
120757
102479
110390
126223
116165
106258
121425
114383
117654
114606
129165
106801
111985
128604
131592
122216
119564
102917
102366
120502
110326
103952
126632
123613
120116
128632
113218
100055
126253
121377
124626
125894
109251
120684
121605
106542
121539
122633
130972
129378
102015
117004
124968
108860
109241
112707
129297
121873
122307
116679
110301
127716
114917
112338
125615
110042
108799
100048
124942
121582
125551
114617
114664
122086
103477
118429
105687
106118
124501
111233
132258
116227
100221
125801
121607
113851
114152
122806
131512
122658
110466
109490
113059
125184
126285
102250
108918
127450
118275
126652
109923
101805
121853
104368
119841
124387
121427
115468
109875
122495
107845
131874
117868
105371
127450
103661
108211
129812
110790
116572
109572
120452
104593
126190
115383
106864
105206
101247
100357
112579
117130
114274
129480
127099
126366
130735
126338
116899
120677
116190
129185
113281
108634
114325
110081
103696
105692
128959
119987
124849
104731
118238
130045
120349
130360
130722
102561
125086
132264
105146
120674
109695
111834
117226
127173
112832
106265
103774
117269
125711
129459
109630
106409
127220
119899
120450
128106
127308
125900
100872
107151
125432
123055
120291
125355
103894
120255
104439
105962
126704
112939
110787
122007
106740
113979
108925
125410
131045
115767
131172
105441
120591
115589
102226
128724
107584
123409
114832
122541
103221
120306
132591
131536
118099
116042
116244
123159
127384
110189
111636
104729
116944
105286
116033
118956
100876
107511
112963
127144
115536
132288
125034
100590
113292
117538
117826
100009
121549
122436
128616
106452
131509
124565
125341
104445
114985
121011
100633
115272
125257
108428
102945
124086
126629
123331
119772
123047
131245
114261
104803
115870
124010
121980
129559
109381
124780
113363
132151
101297
130820
108987
128434
122598
124851
113918
128825
114334
121057
131251
101785
123206
106706
128354
111944
104266
113879
104296
121917
109970
115137
128412
110085
121165
108699
105266
124436
102637
119705
119008
105561
128626
122699
129344
114709
112364
103446
101494
111852
131899
101349
128786
116285
132634
122908
122936
124079
129884
127950
105214
123404
117876
110127
116501
106323
120379
112972
124076
123144
113646
104697
122769
114127
125814
110091
120217
121657
112365
129480
105539
126174
108381
112028
117144
108972
126155
103182
115797
109438
102260
112625
106316
126192
116310
117471
115720
121202
104178
107491
110768
107420
107089
128374
118061
120258
115525
131501
105359
118983
123377
110512
116653
109878
106635
103790
121356
111246
116065
117135
102915
121054
132634
102826
109340
100498
104511
114873
102844
101517
109306
121290
117511
125560
110109
117495
103422
103769
100965
119959
130026
110183
110337
127158
130558
116765
104526
118467
122424
122765
111589
112521
118152
131063
116183
126305
104756
115866
111415
122021
125307
109770
120281
110695
119673
128579
114010
106339
115274
127421
131424
132403
129906
132544
100643
105410
115324
119738
125997
125187
122850
111439
118878
111843
102189
129008
125234
105340
104541
111791
130119
102283
104587
127569
102169
123172
114125
101285
107024
105636
129626
107541
105662
120296
127727
126075
118625
111548
109681
109110
110000
118678
113875
111740
108244
114053
131898
121841
114356
118884
109407
127097
117877
126547
131125
121163
131649
100712
119245
127816
107080
102561
127606
108938
132357
126237
102184
130111
120003
122764
124707
125368
107103
119269
108243
126397
112463
127319
125431
101156
116963
107649
108802
103330
127179
111077
103873
106976
102106
109210
109375
129489
129034
126274
128230
115524
104127
120124
119014
119477
122960
125467
111067
128105
115651
107350
107434
126394
128472
103488
104363
108719
114250
103483
113678
114127
109137
112425
123511
118839
116843
109092
113132
126955
119132
116847
122865
128618
123507
130220
101617
102789
109840
115279
122848
127088
114531
121682
101663
116506
117366
101931
128160
105402
100718
131067
123722
103082
110094
130824
131999
109689
128636
119149
115100
109116
118856
121872
108000
101412
109738
112085
125969
122454
125451
129809
120956
116726
128711
128322
102651
102533
102706
125693
130332
102254
116953
109607
127359
113115
107786
110184
109184
115405
103574
118237
121366
131436
101077
132621
118011
102812
126443
112415
125710
123600
113226
117578
104181
108835
130936
118924
110854
124069
104979
121503
115048
127730
118546
114985
101749
122634
109645
101939
105571
123740
119360
110812
126756
119332
101131
116814
126858
120823
119486
105202
121519
117916
111828
101856
109204
132638
107261
110746
115464
123423
108833
110841
124364
129391
107169
117607
111092
111070
120032
101199
111248
107086
103170
126930
114828
130316
118515
116924
113621
128096
113579
122806
122813
118114
124081
115133
112289
103696
122590
113874
127177
109470
128612
124403
107151
104973
130575
113483
110020
124415
107466
112294
121423
120778
126564
123943
123415
124619
116884
119101
128036
114685
113979
124883
127745
105161
116970
100807
127588
118816
124068
131230
112656
124872
110053
103798
115707
102387
118754
124219
107436
111382
102931
115998
103656
106488
110575
117571
113549
129034
122359
118714
126654
120822
106485
129457
123200
126586
119942
109800
108836
128375
104918
125797
125607
115013
126891
130920
109142
121418
113317
131489
100982
120011
101572
102305
128930
121601
120618
116367
100534
105840
125218
120348
103916
105844
122978
114616
117573
132637
126605
103943
113195
100156
104444
118926
110164
124606
118718
100275
117225
113721
103645
109796
109800
101061
128227
103190
109511
109837
104349
121713
121178
116646
112671
105033
124918
112031
110344
116817
107991
107353
127496
119819
104639
117656
109727
124803
130272
101083
120359
112189
109308
113897
125204
124780
109003
104621
106363
127076
126621
130627
121041
127826
102720
125779
101622
128555
128804
100766
127089
132578
113085
101334
110078
104926
117801
117939
121158
117675
107539
123971
130797
112368
125399
108418
128465
103841
127974
116266
120209
126069
102765
129740
112205
121755
124977
131360
105901
124841
125373
116378
113957
118485
107456
100669
124279
114279
126897
121012
119673
130158
116148
109983
113176
121266
112321
101163
109981
131051
119299
122597
119855
127024
129406
103120
130969
116146
125429
132532
103502
102570
129547
122298
123306
122256
119976
125238
118651
113806
111262
131524
132288
122164
120717
107926
125873
103021
120324
113420
112383
119474
122600
111237
117852
100477
106522
129654
112702
116481
128596
129465
102112
112408
128596
132135
122506
118909
102717
130408
104211
111419
120890
105994
101028
111973
107364
102097
125886
129288
106470
118350
126079
106078
100702
103603
123681
124484
103047
109030
104387
121070
114966
123348
106348
115930
114913
111368
125005
109058
127558
105340
121670
124246
112587
116655
112300
110697
116482
110583
132682
117099
131248
106521
122021
120663
103469
122135
110981
122477
127502
122185
100784
121059
119298
116399
117753
116696
118778
108422
124793
118921
124045
105753
110365
113095
113818
122074
101985
122281
111663
119729
129882
123774
129193
118676
117242
120325
103965
124760
115856
125409
127991
103623
109966
100423
132321
111858
102031
127482
110055
123593
129176
102009
108760
122856
104862
113526
124399
130996
117577
110731
110770
116903
130808
117545
105499
114664
109317
120529
129526
103199
105802
107910
123274
103559
120548
101506
100731
113989
120118
104744
129263
109048
126001
102970
119792
116113
103891
104780
116498
104037
121582
131192
120405
123264
112939
108628
103244
104508
109134
129569
130687
115731
110780
119365
104463
124082
101690
126716
123800
128078
131575
112458
123739
132667
116429
126516
118429
111547
103108
108079
100170
117524
122584
100569
103134
128229
116220
116455
105093
115641
108126
115806
112257
123357
124909
120071
100557
119151
101401
105756
125696
127672
125657
125512
111475
115900
114931
104655
120230
103438
127864
121096
123360
101353
109709
125204
108566
122237
111985
104138
131598
127367
111036
105969
100549
120868
106469
112306
112909
125671
115463
125004
117626
120105
121317
128010
115583
128672
116523
126067
129493
119860
102135
117952
108060
101133
118167
107667
109509
129521
101269
109541
110127
103629
103152
119616
110608
104081
108973
107567
115223
132417
120206
132596
132304
113737
101666
113272
131527
127250
129534
108424
106480
124370
110665
114749
112454
114344
130942
107196
100275
109800
114797
114208
104240
124084
115843
103605
113453
102604
117324
126567
119091
112806
105270
102266
125640
117954
112280
116603
127123
118072
110066
126070
131264
114323
104055
104041
101542
123105
111560
110329
129447
122123
114691
108900
117080
121955
128252
128695
101602
114300
113354
100929
108457
123198
106374
131655
107819
110393
130127
116985
108074
124986
125841
115109
108813
120860
128135
120363
110980
126945
102399
129201
103275
128258
125534
126359
124145
113410
100067
127405
121849
105289
108592
102564
105152
106288
107014
114627
110528
102489
129104
102619
117973
123713
126819
102781
129439
110616
127364
109162
116007
110032
126378
103243
113349
123764
103302
110243
106049
132027
102593
123393
111416
108253
111493
114298
103361
120485
103998
101718
121425
106695
112802
103690
107228
107381
109039
109159
108349
116781
108659
123408
129752
106709
121426
128561
108926
105225
131972
111726
114065
130484
122141
100378
127336
124125
127441
128170
102388
110532
107447
103529
116900
103726
114509
126829
129671
119293
114621
114377
113329
108035
108638
126980
104927
103192
104318
130250
126302
103018
128607
125666
106280
111637
125567
100448
117073
122100
125980
112668
106657
104118
108024
123490
127619
108084
131674
122347
113181
121857
100693
124172
102593
119619
128076
125742
130436
103106
105142
124542
124972
115775
105503
123366
111440
128519
125807
125755
115130
105160
106351
111032
125712
113570
109705
125099
107444
102529
125904
115310
121832
127659
103232
104345
121398
122261
131910
102006
103695
127483
101763
120501
118706
110383
104653
118113
130639
120498
116342
105747
111980
110081
130257
110182
108681
103089
129779
130218
130047
103614
121271
107229
126510
101153
105989
111831
105431
120480
114771
112836
123847
116458
118123
120023
110006
120291
132207
132413
104558
109885
103963
126544
119600
109128
125259
106254
108115
119819
100541
120777
126766
128915
106007
108831
103224
122507
106028
130861
110190
119821
100987
126208
131317
125880
125944
117836
122881
114435
125712
132449
110069
103632
108775
103258
105932
108357
114148
104600
116151
130007
131439
104303
115975
131495
130809
107294
131406
125458
113725
105733
114369
126851
111814
119314
104417
130700
110258
101501
104539
128310
117941
126389
130860
126101
131425
107674
125960
114847
116644
119788
130045
117310
115858
113923
104788
130979
112228
131777
131768
126686
120001
104646
118170
116395
132669
111330
124883
123279
102176
116944
121995
100132
105832
131617
122970
120753
120337
106102
125102
103934
116627
110066
119405
115559
124333
110063
121819
115246
127585
122352
128445
127510
129088
123095
110527
129837
113127
130649
115731
113385
113354
104622
132699
100214
116016
109197
113097
113999
102783
123223
103044
117516
127674
108435
124494
110458
109640
111514
118885
105969
120055
126611
117926
113890
125760
116642
101880
111280
130765
116573
103400
128193
103224
128896
115601
101588
106518
127713
100287
116885
119348
111014
113748
100206
127520
124341
125162
105121
103403
129900
102073
125844
128046
103059
101819
121963
108107
131982
124175
104156
129013
115927
119452
113983
110067
115884
103926
111077
130592
101125
121477
125099
125623
112585
101604
128719
123597
110913
106375
120066
117791
104141
131745
100286
121358
117718
119620
106969
120296
110339
132554
120155
113769
119216
102261
132749
119938
115612
119634
103762
107352
116449
120419
118970
123280
131114
130812
116949
120266
128800
123758
127685
112747
129829
125923
119575
132256
114757
117641
107092
121504
116841
103667
106450
120625
126158
126396
100048
132205
105398
107885
121282
116678
106078
111520
129002
127304
129839
123238
110888
118814
116792
106983
117779
127064
131548
122440
111176
124395
113096
112850
112387
116985
111145
101200
109548
116563
112923
107704
112691
126781
120932
100878
107998
104305
109922
114310
104802
100454
130370
120553
124785
117457
121203
121913
130324
114541
125018
115096
101881
123895
108104
127334
130318
125309
111273
112042
111439
131033
130430
130995
121051
129657
125197
119551
107598
111201
111574
120667
111691
117106
114378
120396
108376
111340
132024
108462
124399
107826
118792
119195
119505
121037
104363
122766
120222
112820
128082
111816
127907
124874
107742
122355
125683
114601
106776
108038
132025
109726
103843
127592
101324
101108
121903
109144
110724
125302
115694
109964
109261
120111
114252
106008
127353
103028
115675
131474
124379
124709
132492
130420
110225
121391
114213
111297
111777
101461
112623
130284
128712
101937
121519
104437
108302
120693
120280
127445
116382
115575
113407
109340
111573
112365
105615
101081
122521
119540
132286
125370
104172
121176
121024
120948
108992
108047
130106
132453
114701
123398
116985
107896
111650
119585
110308
123978
119097
126333
102447
106379
110925
100856
110034
127398
109872
124403
112698
118692
103128
118870
120894
114253
103929
108501
115796
123537
110298
102002
112133
127271
121697
128579
119710
115060
128623
125814
123433
100270
104820
114578
119707
129601
113722
129535
132431
124530
100101
111049
115379
129090
101086
111777
122946
113045
119852
106277
131762
101523
101252
117345
124526
107855
104642
111253
113478
116390
130137
113464
125029
116331
119527
128062
117892
105665
112397
115863
118366
131783
128381
105976
119140
124027
116564
105949
123569
109016
100011
114639
111168
105282
102760
132322
109661
124196
118362
111747
116569
130776
100486
105072
121218
129223
103611
124424
101202
128465
128365
102085
113127
119791
127168
123399
122291
116758
117986
106003
117109
127327
108190
114267
120168
108390
103982
122112
117434
100335
104017
118165
107327
100304
123294
120102
127335
101131
113176
107384
132206
116794
118530
127379
105682
129840
111861
125310
115978
109277
107567
113482
107125
132722
127278
131921
119441
105926
127870
124352
108653
129272
118479
131923
122465
119639
119370
109408
102396
130430
123429
126743
102462
109251
106357
129544
126983
110035
115268
119782
116944
125078
121316
126858
106393
127833
124802
109370
128034
114475
100094
108076
118878
112519
104955
102214
125989
108340
108850
119080
112937
124010
126987
114540
125739
100406
116334
108844
118895
111903
122070
128197
101997
110858
130728
108763
104137
120411
118468
132766
125061
106589
111193
104779
127350
120548
122365
122613
107508
105777
112893
126597
103638
124949
101105
114432
112030
106330
108436
128008
130800
126558
101587
119718
106313
100353
108324
117062
131565
123329
110617
104963
115233
109092
121653
110117
122523
130647
115966
103400
114999
107284
120915
106368
126699
115912
105984
117849
127997
131830
109200
115619
122995
117462
106083
109582
125132
116035
125952
108242
130797
121812
121003
105971
128862
104776
125755
116675
102070
125223
113958
132008
123732
129702
123358
128031
112464
117451
120928
129537
102065
104915
113417
128262
130529
118737
106924
126343
113758
103575
125411
101256
118705
106201
121250
130805
123556
130704
118802
113964
105648
124573
129180
112572
101813
113071
111683
127084
131566
122470
109880
102016
119331
106169
116904
121143
132128
104085
125657
113560
118631
128454
115061
111982
121378
104731
100390
122258
115291
114373
129890
121192
116591
121345
126345
126380
108480
117239
111149
101487
100011
128993
119728
132188
126650
106607
116501
111936
115738
117866
102928
126410
113487
113817
104287
120463
108582
117985
130397
101968
112875
103087
123605
121728
127453
113307
120340
104193
130271
125253
115266
111663
106864
107395
116466
100895
129245
131519
110071
115240
111285
111258
127865
102307
130430
102613
103497
103664
124838
118898
104050
104890
117949
100118
131089
128635
107233
103346
110694
121154
113785
108898
118570
116660
119334
131478
116259
131664
125174
129391
129271
109816
125147
106092
110398
123053
128860
126533
124122
101019
125579
118295
128139
113749
124983
130242
118974
119137
132450
132239
114342
101879
129525
126999
116622
105222
113843
116320
119918
131960
105324
102984
108476
104119
107379
129319
108932
119920
126546
107696
113083
116119
108219
132120
130257
124587
121282
108667
120453
100155
125002
114811
100093
115369
109757
128810
106006
128558
108801
113194
112889
120862
118951
109330
114159
103533
115557
114708
100982
103027
101318
120797
116628
116716
112160
115901
120939
113987
119751
103176
104206
108304
114304
102076
119699
112863
110648
117859
117097
103731
131830
112955
130796
130762
109839
128661
115511
110371
118169
132219
114233
128574
122145
130965
116492
100259
120481
128590
128129
104613
126124
104754
105472
111592
106220
117402
111247
124449
115662
119180
115760
108573
121468
111581
128368
109061
112908
129944
115517
123872
125686
125860
128248
102233
119756
124832
128203
126658
125477
103186
131645
132442
106203
125889
127747
107723
115830
123743
128537
127991
101095
113771
101650
119540
123770
110166
110509
114773
123142
103653
118184
107436
125030
110294
107225
106829
116013
110534
102778
121684
128662
108882
128709
115689
116922
102269
110017
124098
101894
121937
111707
114666
101611
104138
108216
110017
128471
114927
132298
121925
128357
127298
128545
119695
112337
105306
131076
107424
125614
117711
123329
106334
107995
121686
101185
116954
109747
122157
123359
119508
130692
117946
116602
121729
111938
114287
104393
115852
101757
104432
102383
117850
109201
103288
119888
117906
125725
103033
100514
115165
123318
131970
110151
131306
116188
122726
113882
113846
127276
131483
108808
115210
113880
122848
118177
101445
119637
124194
125678
104283
117331
127905
110662
103198
104690
119375
132060
121788
114227
100728
130267
121737
109484
127656
115637
113151
116865
131018
117943
130051
106639
130445
106722
129386
103402
120076
108790
117692
105098
102573
110287
105016
127041
108617
100596
124696
113904
120974
107630
115222
101627
100770
123094
132142
110074
100617
127666
129190
115634
105161
114690
104268
108867
107980
125717
111615
127650
130949
130977
116592
107082
105175
128531
111914
124719
106034
131364
111312
128756
107775
121261
111782
120925
110654
130236
131923
111111
100973
102375
122598
127319
107180
122848
119574
122288
107296
109898
106702
125929
116373
113611
123113
124414
110951
120675
115770
113413
119202
115708
103631
101220
100968
117570
121974
116034
110227
122036
119937
124219
102044
127995
131783
110424
105916
113019
108523
128062
127568
102697
123617
112293
107906
101276
109997
115980
120358
126310
104302
105387
119522
114852
122780
107178
110482
107732
120462
105616
117226
119015
108351
121086
131421
129943
126545
130973
108094
105979
115282
100181
123942
115801
102719
110016
109461
123195
128838
131806
122588
120517
127696
122122
116282
109125
104895
117036
102213
103948
111604
117553
121739
126333
122645
131768
107130
100195
106381
100366
125565
107144
131796
103773
105832
129155
112368
118816
130070
127697
113468
116442
128336
112167
101992
128776
123889
129031
130497
126804
129096
119442
129458
123403
118974
101021
103307
113617
132537
130054
100482
103060
109760
106568
130552
131262
104159
123726
119549
114863
118349
113285
109333
105578
104268
111157
103996
132494
129105
124177
129577
125321
101733
102925
106704
103944
109259
115823
102442
115121
103139
115241
102200
101653
115534
111718
130118
102368
105811
114275
120941
116307
126337
128640
109659
127733
104086
128407
109143
116869
123808
127116
110975
127026
116066
102437
104020
114703
130809
129820
119929
112065
132544
116339
101816
100730
104560
114696
129606
126252
119180
116585
110152
117750
112892
108777
120981
105955
104695
110324
122558
107475
104999
122271
129612
106425
125704
101507
113480
122119
128658
119500
103425
105831
126487
129421
119305
114092
109166
125015
108673
108296
108625
114697
110486
123007
107524
104425
130380
119963
104503
102644
113531
106338
107566
111475
122646
129157
105759
117455
124083
101850
118492
111526
112200
123404
110513
118814
106035
131986
101264
104058
125822
110557
125547
126443
109408
112342
112098
118184
105479
111239
123422
119360
113812
124696
105981
113967
106088
122622
118383
103088
121758
104303
121120
117203
120536
119065
131671
115407
108607
121107
123422
128921
121797
122388
111779
105142
124078
108003
100830
104525
125518
112398
104564
109952
119316
117471
112603
100860
109255
105356
116159
110543
122128
123566
129701
132475
116025
105460
127439
118344
105012
122905
125023
130270
116191
125971
128959
103442
103046
108686
118591
100865
119209
116120
110848
123227
122880
114334
112146
126210
109245
121495
105945
127444
104977
130175
109749
105156
132337
120839
122337
127792
102938
122507
126108
121711
109139
129092
129159
109481
122866
122303
117071
129259
126881
107917
128395
110714
114274
121405
127208
130408
129233
109703
116099
109670
112553
103882
130198
131545
118154
130745
129623
112176
107002
114256
119069
101492
114089
132366
118725
112416
125945
100446
118612
130868
103869
131670
132061
123269
112961
121251
119974
104023
107404
132548
130950
112429
118497
131959
101265
128736
101004
126321
118520
106479
118747
101714
101418
118038
125034
129240
125503
102434
117155
102227
117911
129795
117126
125785
118206
114467
102566
105658
123283
120566
126324
114358
123562
126419
126144
114286
102126
129538
121725
124313
112523
113942
103877
130424
108555
106108
116509
105996
100542
103509
131065
130438
114784
102017
115843
119807
104694
104444
129176
108393
109561
107118
118035
103366
121270
110589
102991
123800
118773
118630
103399
101528
123865
106060
123328
124074
115463
116176
109130
107281
114698
107873
100866
131551
114167
106453
128060
103344
130892
114361
104735
106904
121886
106470
126193
107866
107380
123221
111765
111579
109550
130869
113489
125910
120746
120890
103893
113872
102247
117815
104057
105039
129259
108783
120519
126791
126115
121129
129593
124373
126602
100866
101955
120623
110155
113287
109460
128988
119466
125315
113818
103456
103456
120214
101700
127163
125637
131975
100363
107475
119668
130779
115763
129582
127017
100519
117070
113828
100269
108706
109571
125396
108662
119934
124941
112663
127688
106873
105350
127922
118305
111663
100198
101712
101844
123570
129351
126127
116980
113884
131691
121753
125299
126692
106495
105750
112267
111152
112801
132320
122461
114794
103201
107287
115417
130262
109188
120886
101853
116707
131919
124230
118945
110848
124418
117841
111186
129712
107234
103706
127485
107745
115451
117259
114607
127354
117350
115055
110811
104243
126920
100065
119803
104105
126235
129284
108410
124338
118193
126837
128978
124141
122229
130302
125170
119710
105845
107021
110306
112057
123293
131940
113065
122941
129989
129297
120943
106435
104431
100769
104415
109911
110025
107921
122831
124294
109434
112389
103459
128440
114074
121276
113902
127937
120962
118596
129499
103346
124615
131946
115916
126965
114945
111861
116672
104345
119505
104084
117242
120554
102690
130068
129120
126533
107950
124886
101665
109354
127940
101505
105114
104339
121417
104180
130427
111492
120574
119935
113189
126180
126720
100690
117079
117131
131221
101173
104458
128924
123429
128122
114329
112661
127623
131888
111397
120740
130687
129178
129848
108989
106372
101600
106664
113129
128966
117507
126399
108385
126831
125206
111768
122587
120617
127148
107980
108196
103393
117645
129615
110831
112587
100525
128148
108653
109735
126302
130296
125725
119618
108228
122205
124774
113727
110473
122901
118627
122391
114131
120323
104062
126047
118131
116732
126272
111690
105056
120691
110439
107118
106339
102998
129081
120267
126227
114227
119065
123913
126212
122527
110168
111361
124220
129752
110157
101247
118758
124585
118440
117062
121675
103054
101379
117845
108029
108313
106426
102249
101205
126868
118781
100291
103456
120808
132643
111147
122774
131518
106305
127285
104588
111843
109308
106691
117482
110321
101531
131787
109918
103980
111201
125275
111442
103338
120601
115162
129820
121015
131570
124304
126069
103287
112781
119657
105261
104141
104277
112373
115229
113020
115727
123060
125532
110732
126641
103313
103094
125168
119928
117676
125785
107621
129333
123484
129490
122269
101096
111477
112952
112541
107407
108486
101031
130148
122176
116966
100848
126669
126070
115249
105103
127926
111785
127757
114910
120418
101153
128626
105352
109596
105483
115625
102719
105245
107981
117843
100018
100528
130711
113582
110777
127636
104506
113428
120531
128930
128574
122820
104915
119727
117294
108005
103126
119476
109111
105672
122488
130861
103922
108654
125000
102334
114045
130122
100985
120860
114384
111431
120282
114987
118094
108813
103944
101476
128923
129152
124385
124538
130990
115594
124989
101693
129319
108571
129241
101566
106978
132718
125332
120756
108748
130189
106462
114462
120565
113431
108141
101674
118503
104257
100145
116566
120375
130587
131467
121813
122201
109845
127162
114228
113080
119745
128662
112445
116230
131802
114304
125980
122065
101510
126105
123072
123224
113112
101682
129412
117404
129433
104580
114703
124090
126024
122529
126840
113783
127327
126891
101294
125213
104920
119876
100376
108678
107504
109125
115064
131446
123947
129459
118549
122926
114584
120303
126745
123197
105302
106284
102968
114330
124247
129062
117394
103152
105060
115730
106971
124729
126305
114896
105145
114318
127955
102760
123245
103485
129951
117940
126902
131101
126484
123994
108530
128286
123948
129022
109447
118308
118799
125109
127105
105750
122841
114876
121469
127025
130461
115562
121541
131491
102570
112995
121788
132437
123917
118031
129917
100616
120407
101194
121279
105123
112288
121949
130300
108747
127691
100653
103122
119221
129804
106675
102313
103480
130728
119212
127382
104231
124412
101522
109183
129757
110017
131530
128384
125209
100238
118815
105358
120589
123806
128879
125786
110001
116692
123812
125048
117853
104444
107494
128449
104855
111444
107024
130806
103978
101195
126560
124326
108152
104328
127858
111953
132624
117550
108143
123597
104835
126815
100226
105193
103028
100095
132747
123985
104943
106426
106520
104625
128252
111688
116369
129309
120691
132079
125874
123313
121105
131914
114238
122996
114892
117322
126962
111490
105060
107386
104376
127595
117307
106631
132126
124630
103270
120831
102918
120938
115716
110681
121759
118766
129998
121910
119700
103854
114928
125926
106627
126753
120600
104494
117936
122826
101580
109128
105979
127324
127744
107820
109071
116513
111336
103438
129757
131228
128523
107048
120649
110446
103577
122809
132130
124022
130558
120910
102744
104508
102327
122432
100201
127632
118372
110462
100637
111982
111903
120716
114035
118565
102157
127692
103899
120760
102194
112381
115877
130437
105098
124161
128954
107812
129109
100323
109450
114834
122034
107800
109125
106895
131439
115205
101198
117572
114976
123586
116461
100137
125038
124446
111172
114982
111026
123619
128900
126713
106179
125531
122464
100055
107787
119826
129218
117078
122849
128734
100285
123530
113939
127773
109764
108142
120769
127550
113433
126086
128370
130947
114055
118467
121185
122372
132180
118695
123416
131064
118642
109481
107840
131888
125173
121307
130488
120548
115658
131018
114660
126642
127653
122022
100424
108260
101179
126883
120917
114162
117170
122270
128386
100167
100437
121348
114335
113480
122765
104176
125798
100499
131596
131219
125524
117380
108876
116697
118967
100606
108088
131145
102663
107880
125481
120110
125817
121077
105491
104948
117970
124969
101889
113108
102265
110489
108222
117428
119505
126450
103381
116552
122053
126780
120764
111742
113061
130400
100429
112153
101936
113128
119157
120475
118770
115975
102448
132713
120784
120281
104885
103978
131809
108523
131821
110704
120191
123390
130090
104090
119966
121352
103702
107769
100701
121468
130282
123441
123611
117963
103136
105954
125516
126251
121578
123528
130380
125847
109220
114336
131698
106007
107143
108813
117801
108609
116576
132281
105915
113664
118785
100223
100015
120724
129847
100425
100437
107738
131580
129141
113055
122318
129517
101502
122162
121422
113662
120792
105917
109345
107372
122907
124042
124471
112883
125796
130643
100402
106050
101880
131670
102182
118188
113451
110507
111261
131616
122241
111830
122079
121691
113170
103833
117104
103004
107315
107276
126169
119320
114258
113135
100779
100464
123170
113470
104130
115552
117241
127750
121543
126585
112502
123256
123128
132241
107366
105019
109356
100793
107752
110087
115985
123247
114128
119408
105657
120085
104266
113663
115797
122530
127424
122503
131392
101272
117757
100278
117823
101430
132498
100331
108295
115438
131192
122183
125695
124953
132600
103687
128328
103914
127688
120593
119803
118944
126583
118732
121009
122624
111114
126005
111689
100099
106984
105520
131045
131788
114419
102171
120630
115164
111352
106153
124922
117385
130121
121838
105154
118700
130216
127670
112889
118427
126823
120603
111650
117079
101070
127319
127585
127238
118973
113622
115773
119971
119442
100240
124836
124916
126029
121493
113711
128700
113395
105705
101544
120883
119344
100243
102858
128691
128319
100849
102983
130996
120591
104782
115728
118778
107934
106166
119504
126989
124073
128777
110521
111850
121736
112975
102020
121080
105044
112459
111539
106813
121418
126035
129050
123602
114036
118367
107933
130196
110982
111967
102715
104733
129542
117970
104012
118003
107951
115604
120582
124158
127768
110071
124486
129344
125073
118294
114318
104384
107341
112230
109129
105415
106951
129678
131415
132431
101726
123513
122821
124089
116546
119721
113116
110270
113812
124110
127326
101544
116169
118679
118796
130242
103760
111816
101227
120589
129396
124557
112072
100916
128387
109837
114810
107714
128560
112963
127847
130707
107830
113161
130506
104072
106558
116598
132147
129151
104195
104554
118735
114563
103604
112231
131817
100415
129178
107427
128689
124857
123386
108379
108092
113213
103229
111721
117453
122518
102478
106009
101715
110981
130116
102201
127282
122219
129601
128879
121926
119369
103833
123600
122917
129514
128311
126893
108709
130143
122429
120496
111519
108716
117227
112936
112114
120257
103106
108962
119242
118700
130281
107193
131618
107788
105935
122927
122759
125129
124690
118332
107039
113666
120992
131877
132331
111687
106012
128785
126537
127497
105347
126489
131517
129870
109839
116894
130800
110249
106075
110047
102905
123498
105673
115914
129244
132114
108833
126739
107088
117770
117882
113284
108998
121236
103518
130196
119974
117505
105001
117818
128220
108069
104882
118275
119955
107784
121645
132707
102208
113374
128080
108104
130019
124217
107701
132597
101514
105854
119168
115214
116502
130709
123969
110319
113473
127717
102684
104002
104928
130688
116775
127697
119142
129434
120339
106136
119722
118592
129039
108319
125162
103495
124649
113671
111631
100994
105846
125922
117810
123960
122421
107336
102240
121812
113711
107047
103066
127967
109345
121690
119584
127788
121565
127613
101616
127314
123374
117760
121481
100191
129915
123771
131572
129227
121966
121921
103173
125099
123860
131128
113375
126759
109191
106728
127158
107310
112139
102097
122841
126057
119479
105218
111343
110957
121109
120551
107648
112180
123531
132707
129208
114382
110906
129054
115816
117332
118566
112673
107854
129566
108695
118944
118678
129333
107968
101654
103584
129035
100255
127896
116484
102506
101412
125026
106452
107947
105877
110519
100641
103720
102705
115176
127424
117492
112916
107954
101965
102089
118106
115916
109425
105793
127111
126657
128353
123209
119591
130556
120999
123347
113329
119585
122917
112588
126897
105124
111703
106574
120614
102548
106456
130838
113449
112311
113960
124216
100048
110812
111020
126993
129362
113517
104950
103550
103532
127044
101191
109131
117251
118207
118354
117743
109834
111639
112451
122486
108966
117997
114432
120254
100496
102694
115119
100582
115132
123129
132728
109316
123448
123462
128140
113686
100694
104746
104806
132668
114957
126672
123985
129828
112029
105098
113450
132549
102514
106784
117863
107600
129611
122472
115288
122467
100507
118038
113581
125824
105007
131286
109881
105919
124690
132760
102645
124095
116654
106283
132680
130274
128819
100366
116613
106170
120125
116355
104630
115390
125617
108772
103320
118082
112103
127546
128230
112294
131599
123916
118490
132045
118221
105077
115954
107216
132391
126585
111856
131060
103073
119449
127268
124634
101286
122277
126957
132086
130090
128978
103550
105026
103822
122381
128222
114996
115908
126862
114994
114413
127923
129455
110655
119475
129501
128511
103723
132001
131135
126610
131715
116637
121976
130204
106115
104075
108334
103742
101521
114112
102830
104608
102410
100282
114386
120640
117825
101390
107304
131466
116165
113569
110672
112040
100579
130331
118694
106395
104812
126361
127010
122763
102329
104867
109436
109147
100075
115293
116371
120961
114807
131841
102671
120597
106723
125580
124997
110375
125386
122296
123228
104278
120102
120107
122542
115614
128463
117742
103537
124786
131390
127520
114839
105995
124567
129004
104946
109823
120551
132280
113308
120085
107177
110239
100758
107864
102544
132642
124847
132202
102784
100890
107432
123931
128477
104433
129429
119610
100361
109586
106886
123308
110632
132766
110951
101050
132391
100449
120357
104879
126716
121860
108563
113827
114223
114564
106123
113042
122009
131555
124632
129457
129900
100637
107091
122625
123507
128093
118733
104484
115867
110193
123949
124528
114099
132219
120410
100930
122224
103658
107100
117140
123828
109225
100286
115922
102927
120982
100150
101866
112263
125238
123784
112035
119700
128679
108967
115503
100719
114390
132125
117251
107660
100338
122286
102886
128357
108832
104248
132424
120186
101232
120030
121302
130454
112399
108133
108363
102739
114879
102110
123017
132064
109445
110470
123624
113154
103073
104938
102350
101721
110531
101711
107648
103653
102780
107344
115767
120521
103923
110537
125047
116558
130521
120820
109468
112938
109471
107730
106934
107267
123622
103629
111510
122415
105527
127131
110633
115390
114932
124773
100357
115898
123790
112169
124738
128685
116729
122461
106891
103780
118877
110549
107636
131315
107023
109030
123918
116473
104127
128972
128442
107045
118259
101449
118074
103161
127668
106639
118798
128462
100742
105056
111357
113177
121502
105844
120306
106220
117840
117787
102921
104640
115143
129827
110058
115825
119288
122108
126038
101258
125656
124954
125183
122307
111821
130203
112541
107464
117347
101674
129342
118588
104513
118563
121821
109566
129371
112119
112695
120491
123753
114131
115162
130148
112535
117116
130431
116689
101246
104318
127385
106341
130643
103045
116014
104676
126558
131339
114918
116259
107182
120883
124514
114448
113932
112117
102862
101617
100397
116348
121274
121585
128556
104652
106789
102360
123703
108200
102363
111898
127112
103347
124162
118547
101270
124885
120815
101009
128397
116960
129854
123795
122620
128884
120353
108880
125902
103200
108536
131963
111484
125385
100898
122054
102785
120400
123923
120485
121357
127599
124327
109140
116477
106468
129974
105243
110859
109778
127721
122321
125250
104292
113868
104863
116406
111795
101156
124422
113777
114410
112002
125475
101296
102056
105752
131378
124496
132005
131788
100434
103811
123033
131979
113031
129223
106073
110304
112645
127257
129603
125893
111020
101477
115677
106425
113103
132418
110009
117778
115001
125660
107932
103829
118642
132401
128990
125508
123198
117121
115220
113015
102503
127743
129261
127534
125116
103373
132442
113574
101978
111143
113906
105514
104746
116191
113044
131628
117163
109065
119886
123796
129778
120567
116605
124760
128495
129128
113718
118093
100849
111612
116453
100413
101996
111595
104244
114233
111099
117239
122671
107312
113313
114335
112037
123329
105300
106646
128977
132686
131772
108659
126521
106578
116536
132266
112855
101876
119842
106939
116343
107996
130132
115369
121696
111429
120298
130478
125750
129107
131914
127277
117279
109223
101730
115944
129317
106034
111409
117619
102876
102982
119433
120809
103748
120051
118291
105437
106992
110736
103571
106899
120168
120728
109933
112240
122061
115384
126569
121264
129211
111909
114355
131927
129139
121651
101158
120682
127034
112420
118729
104798
110332
118845
121498
127953
112437
120864
109451
125048
114450
113237
103883
130137
130003
117290
132678
128058
113779
131773
103279
111961
104331
101719
113213
106077
110708
131579
126067
126093
120747
103999
119845
131392
100986
110171
127096
105364
103893
132224
126889
121443
123011
121451
125521
105075
106622
125241
123879
132333
130971
131965
111750
123409
127853
105872
114672
132135
117863
110632
105940
122553
114754
108844
104268
105983
127902
122567
105898
119451
116460
112828
106100
132487
125579
132089
121005
116811
130609
107630
104278
103795
114573
104735
128309
103744
101419
132728
101845
105118
113303
113377
114638
126038
102085
123283
123974
110213
118192
120746
106424
131149
111682
120699
110581
106954
120180
126503
121704
112199
107446
126833
124317
128690
108945
121804
109829
125006
112011
126136
120307
125864
130379
113487
108267
112588
130045
111899
129564
103864
102392
119595
124971
126993
105374
116582
102450
101141
109956
103455
106761
129233
127956
115177
100292
105876
130799
108460
124796
120995
104278
129272
114259
107822
109258
102042
121778
116611
103602
105837
101333
121474
116158
118643
105610
119121
102090
127780
106293
115025
103173
111878
101400
100432
107858
104318
109265
107264
103662
105702
123940
116647
109907
120799
123131
104729
126301
120297
105131
132580
113068
104497
114809
108490
101961
102057
104029
112500
127884
117086
110854
125028
113213
119815
111389
114988
115449
126937
126926
115677
120023
106403
104069
129731
116556
113174
117749
113999
131916
128612
119903
115029
106418
108302
111377
117880
105698
104182
123693
104930
132013
113852
101803
116792
125813
112711
123041
123852
109457
118434
125890
123157
113650
120842
108069
105309
100615
119877
131401
109498
114399
104757
109909
109631
118670
118700
127652
113523
112849
111234
115840
119810
118005
115685
127278
117939
131828
126193
103212
103578
102882
113536
108470
130959
121735
111172
126606
112351
125518
122643
128765
107073
132702
109441
130581
122123
108038
105396
131642
101285
114014
126836
110561
107838
110891
121218
101270
132543
127236
114987
130372
121853
130227
115228
106673
116787
121054
122488
130888
114351
112359
104232
104219
131787
119824
122483
119592
118303
119779
104654
121051
129013
104913
106485
118485
110845
124441
130106
131308
108355
113131
116765
132467
108125
116429
127518
116667
100329
126271
118991
105433
100407
102042
113965
114602
119618
112190
108336
126229
122341
122348
120993
123280
122699
119153
121388
130790
130728
128389
110262
125239
100646
128498
121073
116288
115747
106233
122669
131548
110489
124401
115057
113611
117981
124209
103882
115379
114061
118576
114403
114788
118467
105707
127190
129888
115855
129927
129090
119195
129445
113976
128926
118911
108370
119137
102092
101939
125365
100349
106737
108573
119851
107581
109701
101030
109067
131698
125350
124477
102292
120110
107186
128414
116515
114086
129812
129364
118441
115547
104542
101500
127325
126714
123289
112333
106926
101504
116952
122837
110460
120993
119572
100229
110215
105835
119347
124912
106792
131623
132458
123984
113471
103040
103365
125258
119148
114919
103684
107123
116866
124981
105641
108818
104760
102546
129871
102440
113698
129942
109117
127405
102880
113583
103739
123165
105366
121539
112293
124723
104348
119830
113085
125684
120438
124269
104261
109552
121862
129908
122958
111045
106752
114013
109387
120036
100511
129994
120681
115864
122518
100077
104995
110148
127306
110573
101136
125420
105534
129420
107008
118774
120526
113672
121672
105522
105249
114750
128602
131609
112985
103957
131737
120402
125708
109082
110187
127355
113400
122472
101519
110629
103666
109259
115633
111648
102944
100389
121915
117498
120168
109328
106607
105922
101416
119236
115379
101905
124712
108860
114219
123980
106445
101780
107917
111395
122255
108982
119857
103517
102316
113205
111976
107224
102174
128889
103951
120267
105675
125725
111716
106831
102397
111765
131608
131102
117009
131348
117925
117402
113779
113324
114657
130833
109002
111288
128723
122687
119663
117623
102086
100116
117284
124153
127133
123064
106755
102719
115814
104909
105908
119710
115506
130548
112867
126820
121635
121490
131825
100798
121286
118740
114922
107225
102563
111344
120248
109128
108563
124334
117654
111270
103506
116520
102855
100476
123093
106957
115335
110692
116190
113324
132418
102511
113741
124400
123140
116933
132025
115878
103217
130955
118463
102343
114294
107530
100762
103538
132607
126221
126708
116089
125162
104074
122620
132639
127484
107141
109753
102944
102291
106802
120222
108274
108508
115802
120670
119371
113990
115199
104450
100835
112439
117315
103480
127099
107261
103558
116718
125982
131335
116687
132383
127399
127573
115309
109805
108931
121389
132318
130801
119224
116752
115695
127695
131366
114156
124453
118797
110605
108179
127068
129061
109008
102508
107950
104152
117753
131176
122518
109766
112252
127288
121685
108604
119104
119486
103829
131149
117467
105921
120141
132644
128158
118756
101604
123032
106449
123865
114841
124417
122943
104914
130338
116810
120822
107576
106899
116552
127048
101536
131202
122186
107541
124155
105577
104946
114509
104716
131915
106307
112560
128032
101787
128250
131800
110329
132185
108066
101754
104971
127614
122083
112617
112619
107930
127131
130011
121860
106940
105008
106352
106892
101522
115364
104816
118454
119761
106473
101076
129065
103127
103415
127369
129202
129936
131613
129136
102709
116374
102036
100521
115946
126620
130138
131089
116165
113420
105789
110857
132406
122351
100406
102266
113939
108814
100857
110358
132307
106070
132042
128736
116476
122753
109714
110062
109278
114931
124978
116077
116354
132066
108823
132071
109790
129978
102415
128449
109642
107200
114267
116488
119096
123381
101893
125549
131359
102461
107636
110989
115128
126144
103229
113270
131181
104593
129852
120423
126479
119694
124388
118232
115399
131207
116947
107962
130639
111778
124841
117248
129121
120317
100379
115038
120176
101782
109635
118353
111511
102504
116538
106847
107471
132055
106473
131232
115556
131406
120348
100477
100778
130343
114136
125368
105964
103627
132335
116909
117157
100378
120529
106967
121586
123405
127653
120725
101192
103577
124825
118062
114274
101335
125814
111379
109950
130147
130935
125029
119497
127234
120667
103863
108824
121735
112313
124181
103384
109815
112788
129861
131912
112875
111919
104012
108774
124982
113186
128309
118822
130760
116910
126221
110442
129234
118350
118578
116015
115499
101262
132302
103812
119539
122144
131998
121793
122998
105261
131064
132213
117074
131817
131084
132000
122333
122474
111722
121635
105921
122554
113092
124276
108521
121899
108533
112790
123297
127210
102979
111945
104696
106967
122081
104062
108137
100756
101304
103693
119227
113116
126568
127914
130598
116503
118153
100118
123319
111147
130358
102034
117750
107668
129228
127129
114629
111287
125935
110542
124043
104563
117966
109620
103058
107514
125864
132253
130734
115423
105360
109669
117024
124272
120941
100703
127929
109637
101956
110096
131907
103449
124346
132123
118812
103385
113108
129789
117284
123131
105218
102138
111577
118289
131932
113751
104641
128926
106539
111306
131849
111400
119979
122159
111723
128142
121359
102780
124501
105884
106694
130295
120135
125917
120573
106663
105340
129200
112741
127496
106190
130974
101174
128003
103892
122603
126580
121884
125005
132715
122225
104430
126657
116887
101523
116436
120165
115168
131927
130026
108096
117316
104342
121908
114316
107806
110087
126236
111455
123714
123910
108322
125322
109385
132755
106703
124097
121898
129694
124394
102909
114187
129666
118511
102687
111958
117967
126141
115158
109582
120908
121999
104386
107876
112956
104493
129498
110469
113633
104036
110859
108471
122943
118707
109089
132260
117538
129863
102123
105205
116834
104490
129690
102435
115302
104119
118123
126858
119527
112209
123782
103872
119030
125780
111397
124452
131137
123212
103928
130746
116114
126309
115145
122422
132248
132387
111708
110678
101098
101715
104089
111733
109641
103746
121580
127582
128037
119340
105197
110942
102499
126711
129084
124317
121182
132129
132271
100269
105260
117752
128432
100964
132130
124681
108256
123623
122010
115930
110593
120584
125939
132316
102930
132562
110298
123803
114619
122465
115400
100408
132332
129272
109260
116249
102850
132685
119179
108255
109738
117031
126085
118936
118728
118315
107674
105526
112026
120307
108492
127041
104664
107873
100422
111560
109471
110643
101534
126365
100815
119255
120151
123842
109234
100480
129962
118558
103902
124537
101765
128884
122716
110010
101077
117654
110345
117177
116737
117206
120637
105346
121270
117950
114347
117770
126442
102401
106888
104640
112155
131504
126448
118374
116440
111537
114565
124447
102531
131438
114265
129225
120149
114122
124174
130188
114850
130393
127547
131251
131935
118992
100626
121787
104929
132026
116032
130986
106215
111469
116245
125091
118747
119357
128229
121270
108117
125679
101038
121852
109281
112753
104698
111588
124162
124360
104967
114888
101495
100937
117798
129732
122812
112140
121953
131783
115668
107166
107616
129258
102726
121846
130958
101633
111206
128426
129911
130416
128725
106595
124788
129089
114763
111503
100235
103027
126100
130901
126609
117140
106713
129742
115601
115602
121377
107122
128626
114894
124695
105168
108499
128114
110350
125827
116794
112389
125506
124513
111214
116540
110433
102133
116001
101651
129610
103984
114642
103197
102420
114267
124658
109080
123986
113488
111430
125637
123797
123626
102540
100855
116531
115130
126817
111337
120391
124923
110178
121812
112633
131784
106130
116929
113408
103821
108284
110748
112229
124860
117657
112779
124809
129729
105331
113022
127337
105527
117259
132102
123169
125020
129016
104042
121775
118978
126674
129272
121082
129864
119886
111769
102419
101705
104618
104360
129210
112403
107596
113924
132644
103323
100518
100708
130811
110703
112732
103147
104103
119275
101033
108285
109516
116656
101887
123472
118803
124242
126445
102214
130350
127825
127046
114298
105238
109643
118144
118168
113559
105071
125018
118899
110351
125237
108737
102481
120435
130892
130549
103817
120466
128212
117736
126801
102558
113102
116711
110033
132072
131281
100475
115324
130283
115198
117906
113311
112012
125494
114138
100410
117408
101002
111214
118032
109231
105458
111028
121850
123383
109378
114821
124032
124852
131419
112783
130218
118943
105374
110328
130324
101045
100519
110148
123713
132665
130359
116601
110129
126972
111985
114305
125238
123100
128586
120271
121091
108171
115515
130374
130822
100754
105528
125014
124664
111765
120806
118632
127666
106712
126473
123004
104514
109570
116283
107280
116286
113441
122596
119620
123480
102127
122982
129085
103987
109908
127128
113095
122485
132139
121462
112958
102430
108873
122391
127406
116760
121787
113887
123705
129294
109136
120309
101817
101250
123736
124663
130727
115738
111018
115949
128572
123963
101100
106876
124885
112857
119566
110685
121244
101262
121112
114957
124773
109033
102694
106693
126166
128776
110512
121004
105163
113513
100879
105548
130040
108285
122941
130114
109777
113022
127965
110906
117414
132355
102523
103195
122387
130770
125204
102527
115863
119413
126681
113254
122243
125712
132400
112683
130582
108273
112380
112567
127206
125289
119070
110068
132225
130778
132668
129924
126293
100114
131008
117172
130765
121303
131108
111531
131005
104899
129646
102376
105984
125267
115446
126443
116064
128570
114031
105521
122293
118523
109605
117350
111697
112310
132228
105431
103580
125762
126170
114214
119804
102781
116574
120897
120056
113632
126576
124308
116124
114519
132642
119166
105759
117327
100088
124674
105667
127504
124396
125120
120829
109133
130485
124195
100310
121593
105801
105179
109969
100445
122785
131470
116878
115048
110780
117450
107374
116806
107494
126783
130168
108852
130874
105515
101691
111506
106598
103701
111989
100665
106158
122302
118068
112656
118324
114773
123451
102874
100470
132074
124071
112210
122392
124709
100051
131962
103908
111416
119928
122928
105743
129810
115993
103682
117949
121557
118174
108355
108744
117643
111935
125534
129981
122645
111011
113515
128040
129123
101961
105216
108306
119787
123688
104778
105415
128083
106130
116828
115933
116593
124510
108742
100977
104310
103494
115818
117172
105574
119182
125835
126375
115148
103911
116775
132386
128171
101778
113543
129563
101815
109256
113172
118309
109509
124506
104812
131127
103041
127893
132277
130991
123231
125800
101170
118934
112340
111305
130323
116006
103365
106580
101010
127113
103232
107829
121147
112356
117354
130377
131979
106132
124088
109184
112317
116408
118882
114566
123617
108271
102165
114082
110894
130147
130793
100830
111769
100358
110482
114024
100519
131611
104410
120120
119423
124665
114511
132339
120899
131339
110648
110863
107168
119836
116174
119865
122020
118225
109225
119795
124368
122743
105337
100482
117359
124159
115190
130055
103974
130375
113690
107756
111819
112540
107405
106369
120186
113276
108897
109287
132070
116640
104959
126254
125934
115002
122209
115386
129905
103547
116610
105707
120418
109912
118035
111613
119071
120718
127088
102444
124158
110819
129746
110108
119593
102575
120262
115321
125357
100508
104670
123098
106189
123562
106406
100844
128668
114806
113625
124108
124619
114619
120789
108468
109759
116761
105805
127962
117222
124437
128062
108693
105036
120674
126500
127426
113001
109663
127341
103782
108862
107232
112942
115861
126880
106033
130325
127890
105939
122968
120223
130359
128602
125083
110730
103831
107790
105282
125326
118755
114030
104094
121672
113546
127798
121162
130167
122020
114995
105905
122218
131985
127573
102096
104889
116701
114950
113214
102964
109159
131258
123753
131865
107203
132551
105506
117386
105436
114552
116316
127805
107486
112732
123696
120694
119635
127204
119589
127026
110476
116781
125871
107685
101442
124699
132597
110055
110717
123303
125655
123627
115381
131706
114736
131248
114743
128186
121688
115387
132043
114724
105710
122820
106388
117595
113108
114352
101943
120959
103802
128959
130880
110594
102752
128519
115393
126391
128470
118049
104507
107564
120839
104226
124098
117306
106805
126668
103517
108250
105286
121350
109228
110394
108160
112778
116429
101137
130193
101086
106111
111407
107730
107909
111752
122456
130508
107638
118357
110674
131068
111309
126177
122685
105939
129729
117976
115491
124161
119254
111099
132048
115955
128339
131526
121060
106138
125687
127312
102438
131439
121320
117364
118299
113076
126956
101422
113880
103420
108251
125511
105748
129517
130645
127029
126337
117829
130480
117565
105565
106011
102964
131034
128835
111976
105867
101986
118088
128197
116851
117479
128835
103030
126390
126043
113260
114856
110940
104184
112937
109303
104479
124383
124452
126259
111391
112640
109985
124772
111575
115769
117007
103179
130128
112834
127196
114091
130964
125384
123022
117896
132710
119640
123152
126383
109616
127615
118089
121398
108605
113072
115955
101829
112424
107621
131499
104278
112789
110089
131652
124728
120094
110614
131169
114266
114833
125819
123971
107206
126040
115008
109279
130412
114232
122476
127540
116001
106303
122663
106459
121575
128759
109852
120288
129903
124640
105761
109008
125404
121373
102426
119315
112586
114030
105242
114044
118415
127838
129740
117023
105920
121022
120338
100451
103160
126289
103403
119640
114388
128201
116890
102218
117570
107506
130565
124310
108284
110126
121691
122044
100943
116513
126969
100278
112929
126125
107919
114568
108082
101665
105854
105241
121762
122285
130437
104769
117940
128282
126877
110883
128209
130743
121121
113853
124880
104855
101682
127421
112500
112633
130650
122006
119350
103176
111471
102868
114501
100037
132027
100780
121804
125505
122457
121304
130419
112655
106722
115106
106024
105209
115018
113726
128287
111346
118532
101724
106775
108108
102253
130046
116704
119595
112999
110471
118554
111930
103492
123669
102975
119708
130535
123665
113124
117542
105509
100613
104507
116939
114033
108973
110301
100439
109753
108880
115142
109409
130187
109136
105377
130170
101756
100865
124743
127659
119754
106423
115330
100639
106560
127523
126486
114460
127066
120543
114434
119864
100778
110663
111875
103625
124026
114059
121434
117405
108979
110850
118991
108011
116734
131265
110582
111242
123944
107885
104625
109921
108747
113485
106998
118303
112939
113059
131794
121132
117598
111677
105902
101855
110000
121671
118994
115953
113477
109923
110631
119601
132096
102396
101441
132218
109476
115158
125596
115426
115769
121834
119590
114229
108466
119922
104190
108450
103628
112704
128124
120243
103225
101971
113777
124035
123646
104876
122032
108075
129818
126302
127949
128893
121704
100069
119332
118005
112070
123576
101405
101356
111223
114466
131503
132111
119750
131405
130851
105744
113900
127136
121627
101531
122932
113738
112082
108684
120925
130847
114085
108895
127296
112036
105683
127207
107443
121445
128129
108867
100524
105615
100609
118799
100266
124090
131923
131543
115792
105479
125932
104913
102227
125291
115383
129483
122519
121162
120922
101986
102549
107336
117946
123765
130816
131676
120513
122073
107688
119590
112991
124750
121502
126082
100814
112050
127129
124509
109339
122485
107672
115399
107234
126285
114121
109898
109401
113963
118442
115834
108175
110189
123502
106958
120566
101717
104866
103342
131360
113850
129552
114125
121542
129277
128484
103353
125710
116543
126477
123313
114701
124113
111590
120758
105867
117484
118294
117476
100615
105123
132277
106755
120571
132373
129200
105050
105826
132071
117358
126403
110454
128498
103347
125701
100030
128056
112837
104285
113992
127773
120014
129118
130356
132052
116098
131324
100722
117271
104961
120035
115659
129563
125183
120333
119846
127683
119330
110739
120068
116756
110251
121027
108878
119273
111961
110452
122704
103143
103818
114838
115973
101300
118180
118797
102805
118372
114867
108736
116764
124468
118612
123372
112557
124795
128977
102079
113815
113629
115085
101410
108262
130754
128931
123094
125485
130566
128714
123842
129667
111347
103036
105611
129740
116588
120151
103014
106554
129898
106691
130346
126739
130733
126933
101546
111796
103083
115059
113217
123606
100557
126393
121006
110608
127194
125596
120354
106909
101299
115661
124056
123488
120386
117216
130149
101157
114861
113838
126224
114730
124367
128248
127075
116702
120552
119117
127938
130792
118675
125485
101308
118123
124409
119150
116192
131464
101189
123103
117970
111397
127064
121900
103070
103661
107197
125441
128331
120472
128479
108658
102836
130157
101497
123035
112787
118789
104015
105859
113119
118353
103964
109127
129624
112351
115659
113524
100192
106584
122601
116660
105740
112206
132443
119725
119419
132148
123468
111910
122982
127406
117098
102763
112121
119820
102994
105203
118753
112912
116808
119361
132519
118520
131628
118280
115004
101816
128681
118418
120021
132488
106672
106594
123640
128670
100389
102937
101591
103997
131800
131478
121566
107758
131510
115809
103304
113166
114241
126794
128118
125064
121917
115021
131522
106724
119724
112057
122769
128129
112381
131474
125415
106014
108929
131123
130752
127903
104990
119607
110172
107790
104007
113050
116186
126177
117035
123420
124936
103803
129837
113894
108666
129013
107925
102512
122073
120861
126597
120226
104574
115135
106798
106298
132671
117540
128579
102509
103561
123097
114862
108241
108464
130737
119427
121722
116354
129549
110130
122723
128290
115035
120832
128784
111124
111837
121784
113010
117140
130220
121501
112139
127788
131068
112036
116307
126341
123297
108512
101977
101502
107987
124222
127149
126331
124206
102770
129406
116223
110844
107313
132352
131198
101559
100257
107792
105324
106698
104974
100891
130714
101016
115678
127804
113346
126399
121031
125348
124769
109214
131903
117567
103108
122389
120116
125077
129126
102027
119038
113134
127353
109110
130706
126905
119747
113302
123128
123438
111275
127299
122879
107571
112276
127465
129583
114044
130665
130449
119551
118775
114553
123682
127304
109671
104326
121127
115194
105038
115992
107730
111374
120593
113175
111169
129723
102487
113817
131585
122605
122290
100857
102353
102643
130433
110633
104104
127351
121109
102729
120313
118964
103442
116088
113717
130787
109336
118506
105106
114934
124323
119866
116235
130441
106288
120066
117159
112150
109474
101546
101887
106600
121571
128893
104954
128082
122830
110082
119004
115104
106061
101001
119167
123470
107710
118020
121567
122104
119964
110872
121309
117650
130651
109172
132156
105049
128147
113506
107760
111369
121441
104859
130456
125009
110859
103776
123209
112004
125154
128710
126093
108177
129389
116050
130731
130101
115907
110021
120873
122991
117305
129593
131728
114485
126013
118893
124271
104293
118146
109150
109730
120830
100702
113943
123860
105872
117616
115145
125763
123889
100997
120094
108995
131122
125628
123083
106502
128721
101097
115557
114970
131632
115000
109173
111667
122182
101139
119502
123819
108181
111685
107294
130375
126812
129375
120004
116668
117517
108890
106209
127346
127745
100991
104370
113799
119403
132740
114717
109591
102027
123384
126345
104123
122660
131809
132595
115279
117551
101027
115262
126201
105937
116515
125643
124774
108427
114477
115274
107607
106417
122387
103120
123229
113181
131735
102697
117984
116004
128267
100975
118118
123849
100535
102363
118290
112689
126075
103644
111723
102999
126646
111462
123744
128769
112742
101005
126856
103155
115600
125778
125102
126562
102626
116669
121996
128171
123031
104492
128727
107589
127643
109290
123516
129780
102895
102915
118826
127552
126800
107351
116240
106534
102163
114414
105704
118797
118356
118667
118324
108540
115535
113028
128967
110089
130318
109520
112776
115221
124485
100194
117363
122806
118650
118965
130528
113781
124008
122793
129544
103994
102566
115085
124613
116228
104324
131453
123801
125661
123702
117486
126962
114958
118580
105095
108716
129423
127456
127283
130776
107969
108905
114036
117692
101215
126960
126714
124442
128178
113386
125044
105654
119045
125382
115622
113170
112985
100303
105403
128380
109914
124243
119261
128330
105617
117765
131076
116325
102362
119456
101899
126212
100121
103373
105737
127674
122665
117831
113886
103859
119829
107581
106508
130363
127883
108536
115145
104319
103309
111549
111186
132248
106858
120565
130433
111301
122093
127627
122786
102392
119764
104086
113795
128149
110979
123704
101578
109430
112378
127173
112011
113458
126725
131880
130586
119967
127666
101507
104478
101013
119304
115478
126439
112373
128246
118370
109314
110826
100490
118670
111370
112751
117860
117001
129728
113426
119913
108913
128862
120311
103100
130484
104489
112927
114154
102005
130630
118762
124772
126129
124622
119515
120371
111010
129829
108188
129511
128483
129927
109634
100816
115670
128995
124625
107633
100675
101101
104963
131890
117825
117615
116293
104021
108378
124895
108035
105771
119018
106551
102437
102024
111048
102913
123866
124276
118568
101041
123284
108067
101312
119864
103764
110376
132138
110550
112167
109285
101002
127792
106224
111942
132464
129954
115817
100783
112128
125910
117861
118066
108880
124822
109144
116998
121105
115166
124184
108852
114546
119094
125413
103316
123457
122430
102568
109304
104787
123019
111992
119463
103463
130481
101218
116237
123590
130721
101482
121008
132589
110390
109261
127590
117358
121866
108425
105414
127956
123534
111135
110300
129606
100186
112024
131105
122798
100033
128710
103337
122906
103337
124876
111263
131426
112793
120033
128239
116235
118548
118352
103234
100203
131366
127939
103727
113422
100668
132290
110511
108377
107577
121463
124882
117613
125381
110260
118193
130638
130792
119863
123812
100677
120537
115756
132533
115074
128528
107763
124244
124166
125858
110116
126284
114368
128206
101840
106997
120310
130771
111370
119211
109799
129797
106918
108928
119471
112928
111425
131630
117866
113628
125314
129360
104860
113602
112030
109265
120785
117821
121122
106148
117120
120564
115693
114357
115765
123223
103291
125216
117231
118904
104298
127650
119239
106269
130870
109900
132051
113171
103752
116607
126026
128709
109359
104212
125417
120845
105261
107739
121749
103753
131829
101447
119105
104370
105395
131943
115730
123369
119629
106264
104897
103891
101096
108410
128834
101543
106159
102560
108195
111941
