104579
123261
109114
111671
113690
129936
105915
107457
123275
112713
115886
125654
122566
112234
106775
108660
108448
124929
111646
103221
109083
101787
121968
126498
114664
127413
127971
114635
121130
129139
127065
130968
115837
120725
101350
109914
112695
101030
112693
100133
131310
120694
123175
119138
129338
128715
115390
124192
110267
111956
120378
129195
120926
106718
105089
120416
131549
103882
113604
128447
102533
114879
122464
109250
132412
125084
102658
122733
106434
103601
109071
101287
116535
123694
103491
122696
121822
107483
118424
119411
120352
101130
107369
102438
120532
102603
121559
126735
101565
118878
126060
126114
103252
130030
127998
122472
110280
112764
126422
118170
100676
128537
130578
110830
120176
104536
116552
129201
129594
131843
103532
106774
109526
122637
121332
114382
103939
109512
119353
113112
129937
127064
112929
109211
126752
106856
125691
101682
100650
102171
125610
114439
114500
126789
103174
129699
114848
120796
128895
116164
130007
114089
112644
132528
111077
117571
117795
110026
113269
107582
100721
113763
122208
125088
125228
129490
124272
101524
119071
110023
118889
120931
123846
114396
114762
107679
105395
127085
102864
108194
112176
111274
113724
123191
110886
112874
122454
101782
122941
117315
105650
102550
122181
131159
111922
118814
120789
125040
125900
130268
100401
113360
111757
107578
117105
105538
114398
106126
106208
105973
116231
109969
108707
126858
117489
122643
117659
128876
105264
100333
102540
116064
117056
125750
130686
103261
129551
123322
128099
116893
109500
103847
116219
111348
121247
108170
106485
125537
106889
117114
128855
103139
118349
113043
100383
127117
125823
101543
108330
131549
116347
114735
125782
103498
131241
103048
127460
100124
104192
130140
115232
110720
131785
122462
103491
104668
120742
112442
130968
131168
131794
128459
119774
123614
102314
113551
106990
126427
103789
107353
112541
105702
111168
122950
103140
127016
112501
116978
102462
127293
125708
107244
120914
129602
131706
115303
118994
127791
113322
119346
103587
129383
110914
120810
112446
107918
123687
116846
120662
123803
128067
114835
115899
102702
107654
112153
114046
120355
103978
111838
132694
125799
117052
130130
123458
115722
127064
102699
109936
117910
131764
104282
106334
111776
110431
100413
129087
128668
103883
104726
105888
102902
124810
124348
125515
109406
120661
111504
111979
100195
129362
123059
120050
103235
129175
119670
106296
126977
116202
130578
110564
111545
107466
117402
128016
120113
111540
131885
115112
128432
125087
100976
130579
130323
131785
129083
104470
113693
129205
126611
121077
100623
127348
113369
119003
100984
111653
104256
123515
107599
110776
106629
111096
113471
132599
119770
129794
115266
108742
108835
102979
116337
102569
105828
103929
126235
101768
115066
102884
104468
109231
106762
105058
107599
115481
103864
107225
128687
109294
121497
103253
117531
102986
127978
123250
129489
132416
114434
110717
108284
109855
114309
113878
102536
112371
128731
104088
126517
131919
126688
126844
104426
131914
108765
131067
124493
124616
108472
116659
131472
131067
119911
109836
103053
131113
120746
114715
100886
127407
113658
107719
127622
103238
125884
124970
130972
129157
122811
116026
118922
103335
102869
105640
104520
101519
100341
107528
106542
100617
101185
102451
121026
117331
122772
114409
126159
115676
102190
107451
101047
102219
106154
130088
120841
123331
113969
102151
115542
124517
115950
129829
108609
107031
106433
121134
129494
115844
123960
111825
124701
100964
114363
106783
110062
103678
129798
126004
102406
121579
115165
112154
106075
103964
122618
126698
118445
119583
107339
131124
102238
132509
112474
107937
118147
116264
127501
112855
106811
105779
100239
128157
103488
130914
107662
127808
112315
122629
117159
126005
128605
128735
129822
128255
125867
111147
104659
117076
102809
120289
127601
122491
105307
118581
125929
116216
121976
117600
116255
107371
128800
130212
122850
113078
115903
110730
131874
119646
109778
105327
103005
100916
122362
130366
109147
111156
105806
131967
101403
125869
106486
101521
123661
106658
107254
110643
113538
127344
111943
110922
114016
119986
124972
113886
130842
126562
121283
105061
132319
123457
118234
110916
114706
107896
116997
100243
107259
103295
123373
106016
105660
117310
113899
118199
102790
102770
124374
100769
107276
119123
130073
109419
122168
121972
124168
109545
105245
102634
129140
126329
112686
103600
121724
129932
123309
110922
130471
123747
105574
103081
126000
100887
119452
126287
126881
107484
130628
118707
108451
110726
115569
107239
104725
106829
102160
106104
123483
101325
101845
111510
100857
101969
102261
111476
105312
117072
109078
111858
132615
102968
111107
130426
127678
115563
121253
127271
131904
118151
101807
118317
110599
126443
123288
112501
112740
110199
106574
119431
121038
103058
120105
130221
113531
103794
123165
121685
120621
122264
127029
117688
110671
117145
123708
128441
110656
113188
131517
132624
100079
113985
100399
119719
117416
130775
124521
128068
117293
107121
115292
132201
115977
125505
103168
108153
130593
118630
124815
130331
121996
126826
110322
107747
102052
127759
103288
127280
123741
119371
114382
127056
118230
104849
105004
129771
116526
103506
122572
119454
131737
131268
101024
103398
108467
110818
101700
130880
100116
113844
114994
122254
130340
109008
132405
132029
128816
109601
100896
113061
118462
123879
108735
100400
126750
113919
119822
111295
129346
119653
129961
122825
121296
131319
127620
111813
132468
129147
110044
125259
118651
102884
127085
103798
102046
109521
112102
114572
132123
116311
127642
126177
112907
113408
129912
113144
116207
112147
109117
114156
112780
120086
102888
113934
101369
102034
120686
126672
124662
116502
131760
121570
103551
112510
121770
102810
125601
100469
108525
115609
103309
116537
121935
130220
126187
104351
104161
132592
127344
116566
128289
111418
123059
108143
105073
106421
104764
117021
129736
105933
121054
104122
114088
122444
120648
117259
118096
103107
126678
116421
124466
102188
116653
125008
113319
110285
112902
110026
130786
131168
120010
124751
127266
130416
119136
116856
111148
119046
116162
132129
131577
127365
125911
120176
111788
102867
122109
104979
127943
110009
130276
123336
106397
112013
100003
104227
124171
105742
126981
107916
121699
119183
104228
114823
114345
121688
126522
110648
104962
110153
104883
116518
128617
126400
111751
124223
123300
108477
110278
109596
123254
117572
129653
116871
108311
122371
129688
128314
104161
111925
125072
105194
129100
112070
107431
110980
123420
122808
106218
116407
112345
108741
123191
118194
116096
125510
117654
105519
123512
124499
104908
112816
101575
108588
119086
122376
127878
115671
102836
120862
126866
112907
130382
105966
116101
130381
108923
117968
115685
127321
118551
125181
102811
116163
109684
100175
114854
103134
118189
115784
129296
108509
110391
109654
118817
120120
126649
129365
106452
112210
130590
117078
127623
114264
101608
111263
120566
101484
105415
121075
110698
117507
126570
124947
120622
106123
118677
104324
105795
124754
121716
105363
101204
121507
115759
108439
125420
112434
115902
124278
125671
104633
112127
132714
100135
110308
129541
119045
124040
121707
111027
118899
120853
129917
127114
100608
120956
122981
123584
120281
128191
113512
104850
119831
107309
131308
127451
130809
130193
100064
116964
123249
112553
123479
127870
131299
129241
116854
109390
124201
117281
128657
124521
123354
118605
124305
118049
132300
100971
117913
115230
118231
115842
112361
110768
103388
126593
110850
103779
113414
102006
119050
128212
106576
101632
106099
111812
122440
128775
105688
101227
118546
100266
130599
129294
126895
102009
114693
131028
100480
132581
112750
101846
114437
126452
120220
118133
128235
114490
103723
118768
104518
100868
128634
116278
117019
103894
126036
113656
129057
103704
102864
100611
123592
114956
108149
126157
102523
127491
103842
100429
111906
100305
101677
109072
105708
112254
124747
106634
132427
101182
125872
100010
100160
114083
109559
114353
128728
106770
130883
102211
121847
117364
123175
104126
125012
114221
112579
100556
102085
113234
116016
125492
106429
127254
116767
114422
102162
116614
102332
122518
116484
126071
100057
123576
109692
121788
129608
123885
112785
106908
106120
129229
117584
127619
104613
109382
105405
125687
101977
120883
125205
101326
131447
109872
119126
116382
129673
112813
127233
110198
116408
114754
110623
106699
117997
119106
123010
129717
114230
114579
102733
110172
107883
100029
113591
117932
104977
115008
109835
120657
105086
109099
119283
126687
119102
122090
116471
110928
117174
116576
119361
122036
120839
131638
109219
100900
112694
131954
110555
103672
108681
122699
129045
131642
131892
101179
120497
130138
105268
120663
114759
112418
123004
102876
110568
118765
102223
100618
127399
130580
126701
122677
128600
108458
123761
124185
103576
110185
120570
126574
121614
100587
114185
119996
120816
130078
113450
105585
129480
100594
107991
127025
126328
123476
129177
124525
105851
130912
125552
116023
112239
105938
112501
112724
120016
116926
122046
109971
114695
112514
117634
117598
120483
104696
120701
112015
102374
106224
124054
103557
112259
122333
104384
103030
114854
120014
102174
115462
125237
111008
124266
108825
126549
107890
132247
118502
104753
122202
101301
107598
127735
127830
117782
104299
117538
125830
106927
105323
127743
102808
109248
102815
119402
117379
107192
116943
113113
110200
123987
100049
103837
130837
120581
118873
124516
118237
117659
123667
107265
124645
101408
103919
124784
119759
107261
103357
103700
101116
105829
107513
116804
106238
118000
128488
116486
131660
117894
106980
118042
111418
117887
120051
121147
123944
125448
121503
122785
127993
103881
129282
132554
117447
118213
119585
117626
126676
110209
116091
115969
124356
106344
127201
117436
112138
106094
124807
115166
105633
126708
110684
123504
117500
110571
103575
106135
115007
105789
125842
102166
104623
131176
121052
100627
119399
103532
110730
114974
130638
123112
128461
106351
118341
118912
108490
108911
125349
132737
118949
107643
103656
112584
101087
120292
131494
101088
127203
132154
121540
115562
109275
105930
123112
113858
102088
108645
109359
128991
100050
122467
122915
114811
111068
105704
129767
109940
127580
100198
127157
131187
122730
132195
117387
108747
117783
128893
100128
126372
121087
122027
121117
131928
115746
108741
103818
102429
125679
103239
124550
123877
111266
109906
103996
124802
117456
125427
132626
100110
130624
129960
108067
105354
132605
109344
131312
104389
103081
101187
110418
130175
131092
110194
116916
120783
124686
114960
107390
119746
131449
109889
129492
104517
103586
109553
116353
132165
120273
124697
126510
131604
130334
102717
100568
129807
129671
103994
122753
110206
131392
117054
127525
126907
122186
111640
104943
102295
116551
125874
105389
128249
109197
101851
114306
108744
102777
117834
113370
121099
109573
108768
103843
104271
107677
116526
113595
120393
112431
128823
127396
125629
114306
122231
125823
103327
109512
121892
106808
118135
105590
106931
111358
128266
131667
131230
127478
130358
102863
128101
123184
113694
125591
128979
115418
103303
110182
102530
132531
129154
129566
111521
108227
106060
128279
124917
121674
116850
125623
117022
104182
100408
107075
118812
115288
125244
125172
132369
112025
119127
131662
130632
117609
104388
127661
118903
106553
104324
120865
119873
119210
114944
116091
124159
119365
126705
119720
130240
107884
131709
122174
119182
104336
101026
104533
120820
116389
129752
131736
118461
102099
111858
119708
112637
110447
125510
125296
123734
113705
104461
123765
126324
110215
107277
122735
121050
109458
120437
101597
107489
119247
117256
100998
131069
107376
127869
115285
101955
123084
124710
112486
116008
124685
101329
129633
123788
124712
116204
112647
103671
100627
122348
103946
109346
118578
108015
119330
102585
118290
107167
120669
121183
101465
113498
114103
103155
106237
112017
124906
113681
120245
130926
111495
132060
101293
101818
126790
112379
127102
119037
101274
130530
122205
132583
113033
118867
101010
124142
125883
115236
112941
128313
126417
101698
107764
100029
132600
130294
119455
104358
119997
106087
101960
108792
124707
121441
110109
116342
110322
121940
126296
116163
120147
125600
127857
131271
105370
103439
121745
102228
114275
120483
118859
115721
102112
107411
102279
127095
112241
124048
125630
111747
120949
124492
104301
122123
132705
117821
123843
103885
113167
127391
107421
127620
117336
121784
125365
103251
101860
106847
123158
125031
106561
125887
121556
121049
130355
128089
123897
118993
124491
107592
128962
129777
116411
112841
107020
108785
100713
102650
108041
110470
103746
100578
130359
113033
123857
132530
115347
120405
124432
104266
122378
116593
109438
119551
132144
119151
130929
117660
122420
103443
127150
117414
126484
110008
128823
110309
131853
110064
109668
103455
119382
105323
117045
108583
100365
102682
122599
119063
124018
112275
130501
100569
112979
104376
114241
102892
121799
106387
122947
125284
122399
113285
128193
105011
108058
123808
116112
120232
111448
106833
126842
128309
109073
111938
123536
117109
128519
131966
113857
121453
104889
128215
111276
130323
130522
120965
129715
123404
120065
100623
126545
131514
124834
120943
120237
100726
121917
100209
102767
110106
118741
117852
104146
100291
119460
109780
127482
121557
105741
110335
115337
127551
102610
108007
124525
126720
121479
105759
116475
110826
116551
108458
130114
113829
107173
103960
113305
115448
110821
120818
114299
109892
104813
101464
109205
119633
120182
132585
101404
114253
128775
116195
129380
105746
121892
111243
130735
118184
107075
101584
118083
106507
126463
125227
123071
112174
121616
110537
102062
107839
108667
124908
111709
113709
128262
119439
128746
103272
106479
104521
117150
117224
106973
102003
110204
103280
127511
120717
124186
130068
117748
123614
129968
132345
125075
102235
128623
130652
131275
128458
131348
115413
109413
106023
122556
112605
125833
107591
101370
112527
131959
102331
116519
116651
122744
123639
127737
115168
109843
107956
100183
119115
127619
126610
132204
125243
113257
110594
105467
104759
108479
117859
132338
123458
132621
111979
109889
127325
109023
105161
114156
123726
111990
125960
107871
128416
103870
111031
105475
116971
117632
131527
120590
104533
120025
103220
122271
100953
117483
111848
111626
130759
100306
109532
119152
130572
125145
113792
103316
110004
131310
123741
107753
126509
118612
131320
100592
132558
118424
130298
115392
130327
126918
107663
117222
102459
120284
116748
115056
121307
124287
121812
107845
105237
130285
106620
123320
115901
124979
103981
100700
108010
124320
114506
105753
123829
118393
128595
105087
106045
112622
121610
115803
124655
106573
105172
121224
125956
130166
104545
110088
130378
113039
112271
121427
118312
100089
117388
128239
104668
130178
129339
100929
100104
127196
132058
116387
131949
103502
116705
100023
121078
107433
128557
115194
115448
116606
116061
131996
119480
127886
107389
124303
118318
121474
109282
115166
125960
117212
122452
101952
102642
131630
127091
103917
127509
122761
105043
132528
114909
124473
116074
130621
115712
100271
101548
106694
131516
111551
121076
117193
122720
100876
105638
126508
121357
114624
127634
118411
113854
101760
107548
128209
128902
113055
121498
110597
130073
103057
131070
131687
115598
126371
103093
112060
123235
130538
127183
100838
116674
104313
122463
111031
106754
111319
117541
102919
123505
115889
105322
128772
130129
114123
129068
111562
117536
116540
125563
122932
110109
102107
116259
108785
124679
112629
108427
124378
108328
115777
100573
125570
126354
100629
111207
115983
105129
132313
100930
122697
122081
108733
100145
112113
121545
125607
117451
105044
114249
111471
108253
111136
132391
130383
102922
108917
113360
112277
118708
117567
130902
113819
118560
127940
130997
131833
132564
102777
115546
113401
117060
108570
127718
102220
125870
100857
130095
116731
106563
113559
112519
125600
125575
111985
127554
109269
105722
129052
131698
114413
109304
108180
116725
126178
119262
105170
114354
123791
122222
108700
132639
111647
101237
131745
131591
131014
119466
128453
129162
109999
102618
126650
119141
113973
123970
130512
121459
100437
111677
118030
111988
100963
109855
113793
119566
130813
111456
104660
106257
126270
102909
106529
115199
127795
124955
116999
105420
124307
104941
131069
121826
104362
116953
118501
121448
122775
104150
107237
104132
109239
112921
107634
130910
112225
105968
120237
124583
114900
109038
125683
117083
116333
118856
102831
117251
106270
100991
104819
132541
102427
127807
111432
108095
107990
100488
113474
120090
125486
121099
114775
128060
117475
106711
114288
114617
115790
104756
114369
113867
107599
131023
119382
104983
129414
104728
105199
124209
131782
111081
120334
112995
111302
124008
106062
117674
105498
107566
120566
129026
121186
120233
128462
111587
116162
128190
106290
100876
104850
102067
116836
131967
114518
103245
119847
106957
128240
114997
122249
118419
101652
111008
107776
123973
124157
116527
119736
111658
123486
132116
100652
109992
101788
101239
124660
101058
105530
119320
102109
107999
130965
115253
116543
122061
117713
120494
113035
107781
101139
127335
130852
111921
119024
127214
127088
124907
107046
117086
125486
113608
132234
107651
130314
103573
117570
118078
113518
106976
127796
125483
104860
102075
107454
117634
103418
122556
108456
118843
102316
105544
127575
108150
108904
113681
132419
125721
124550
121310
117163
126139
130135
111243
111239
103873
106936
130896
113342
115142
106215
104006
103321
131649
102293
128038
104311
104033
101180
103252
120003
105020
108466
111645
116004
110889
100863
129597
132339
110442
129388
132005
106226
100111
108764
121979
114747
130070
109151
128097
125046
123863
114949
129274
125519
127904
132336
113066
118824
123548
101805
129182
129290
123641
104133
118029
131554
112201
119438
129725
118506
123177
122695
123592
117093
115233
103012
127392
107919
102348
101927
110161
115924
131641
120176
118534
100416
109456
119254
128719
108343
115705
131062
131233
122470
126137
112139
129951
101113
110238
112832
113815
132622
112542
102978
108752
119914
105403
122776
105987
130667
105770
100407
105383
107582
114611
103377
102769
107090
109403
103023
128796
121357
107073
117439
102758
127677
101830
107183
100443
108241
124656
128570
111317
127305
130577
118914
113476
110443
124323
113440
131499
101048
132215
104376
122603
114462
103183
112592
109892
102767
100424
108258
113177
100882
112955
121519
132339
116729
110694
114135
126921
131026
131079
116903
115839
129922
103369
105522
111532
110031
116130
119715
110752
110172
113148
131025
118438
111067
116499
131348
131974
119422
125854
111448
127822
113838
104625
106607
108882
103424
119522
109740
123506
107621
126635
127405
117915
111521
125967
113528
122769
100094
112000
121802
111339
127297
116225
116651
128351
130269
129672
111430
125247
132711
103078
106488
100932
121674
107625
102567
114827
110780
100226
120917
115933
100080
129955
112372
105011
117901
101931
112764
114809
120416
131845
100924
132243
130893
115917
113261
102814
132236
106549
103949
108408
127506
118440
104683
105090
111436
103469
107518
131236
105491
128141
126458
110482
130525
115640
123429
127054
105776
103781
123239
101359
105309
118777
104865
103840
108650
124586
124736
103915
102736
130788
128274
129848
130663
132331
101976
127888
128542
127939
120604
103335
129007
119885
122565
126746
115602
112562
114920
132597
106609
110852
116833
109432
112989
102947
116899
117275
123007
126942
106828
108751
118673
110939
106493
103815
112718
110265
111720
104695
112934
107251
109226
104347
100919
128264
122844
132092
128633
105561
107748
132655
128312
107602
115601
113822
128968
103244
121320
129547
114548
112818
131000
107729
118711
108131
125557
105325
118959
121176
131906
115262
128462
120199
107344
106121
113875
112903
125543
107200
104696
100980
123842
102404
122477
116373
126240
102632
131590
127292
103448
127352
131377
109934
122285
104570
132650
106692
109602
108019
105586
108049
112400
121581
100733
103237
117173
110200
105898
104082
113551
111599
102777
126669
120617
112252
115449
131862
107318
110046
124799
105915
115164
127082
132509
118362
121426
116304
117586
112454
114861
115232
103551
117292
118775
131725
112026
112631
109186
115056
122534
104432
119931
119824
109155
100906
122050
131232
110018
121117
100345
118025
105371
122513
111068
109290
118946
110526
121040
107741
121752
119985
100286
127229
120254
102129
102945
101541
106383
127843
120414
116090
120238
121707
129621
119723
102942
127316
120373
125303
118193
121842
131476
121840
128451
118149
112319
116991
100903
129505
131150
122537
120674
112588
124156
108432
106775
119208
132534
131261
118979
117074
123378
105628
130219
103241
112194
112456
121618
101651
108841
122889
128430
111324
113197
130076
110941
120929
108333
124594
130581
125196
113653
119354
115481
127840
114704
118499
121715
131992
128733
105053
112286
102795
124390
105696
127363
132563
120172
112496
129959
105006
114503
116575
105634
104740
106477
131859
126419
114923
122320
103434
105554
118151
113389
102938
100134
126517
132257
115710
101816
109066
128447
117006
107144
128984
130785
102478
128543
101713
125179
114858
118341
108911
132662
128640
122227
122387
124155
129631
110219
105708
112973
120079
129223
101274
127069
124113
126959
123667
107096
120807
124112
122438
120452
110679
117225
130047
118155
111853
127079
104459
116247
127871
102740
106396
126878
112756
128779
124143
130944
106375
121583
120363
105551
106953
117596
105357
103277
115941
110046
123074
101597
118696
111009
118164
110931
108481
116265
127433
128653
113861
125507
108616
132582
107638
124732
111998
127273
117828
117840
107776
108963
123924
114277
109170
126332
124481
126970
100775
106311
123104
120154
117257
113623
123977
125205
112956
123476
113363
103600
131326
107151
118238
102812
119890
132499
121879
120421
128989
132221
124151
123948
108944
123277
126349
100439
109447
104316
131710
124551
128561
119568
105290
122570
120242
109295
115408
107539
128645
100785
108821
104167
107878
130616
131649
112728
116335
124484
120554
117047
116609
108354
108949
125318
102885
125285
103802
117804
114483
100600
117384
119532
103795
111091
101033
108184
102019
121292
101447
106370
126649
101263
124431
102964
110280
113201
124917
119905
113896
101666
132472
101915
121137
121633
111911
109381
102728
116564
125284
131404
106302
111768
132712
130322
110517
131862
129415
126251
119621
117783
120245
113740
106270
102425
104778
110592
114926
101153
131330
130973
100869
107348
101448
120695
112055
107969
104116
105555
126721
116098
109266
131871
121200
102659
127525
119008
106815
119201
124523
120555
120511
100727
108579
130904
104700
131956
106061
130484
119710
108977
115569
129014
103437
103938
115682
113588
113113
102604
119108
119703
132696
127510
118604
102669
118673
104674
114119
122429
121432
126141
132062
126016
106427
105877
131224
102798
131485
103883
132256
126134
111265
119433
104777
106323
120138
104022
112847
111931
104032
109031
121824
101369
116373
106296
131162
118398
112488
117468
101719
121107
122698
124818
112743
104850
100607
104472
118812
114646
102984
113476
102348
119408
130495
116304
123026
129947
121858
104822
109462
107123
118803
131772
106894
107617
111359
123666
105349
115418
105150
108954
129243
104777
116827
104775
106126
110409
115029
101545
129975
129816
104516
109575
112472
125000
108735
117167
125780
112312
117374
120970
102591
116163
114620
110835
131416
106423
123615
104393
111188
121225
120667
113603
101470
105159
115156
105732
132315
123341
117635
103152
121970
120892
128218
123965
108236
117672
129899
107853
130968
106129
120582
118971
102611
116117
102945
118324
118342
107747
131453
121736
100944
123379
106247
101376
116709
130421
101373
119283
126423
117127
130641
116372
114516
102442
105810
107534
114097
130551
102793
107987
120677
107790
117729
115504
100441
109648
116748
129062
118623
130766
118305
102517
105727
102272
128906
108793
106362
132411
129821
121657
102409
123613
132233
116542
124262
131019
105204
126881
102285
124061
121570
105448
106692
122903
100185
111891
100313
125019
112195
118897
114603
105566
105491
122040
104427
129433
113323
107861
129828
104961
128893
106497
120313
101944
122097
112789
132015
108549
101127
102175
123883
116994
105278
121909
130492
100756
129972
126857
119771
117792
132494
130238
118322
102524
119450
109178
122012
105380
103987
104381
112364
116655
130406
117617
122416
102401
121427
115266
115511
110017
106197
102063
112208
120974
125541
114529
132181
130925
110395
131004
124136
101894
111287
108213
105981
102929
126208
108515
131225
120075
101355
105176
107224
114221
105758
117937
129845
102558
107381
102380
114950
121320
105380
114298
112198
107689
111646
107029
114327
115595
113718
112340
124807
116853
102020
130045
116243
130051
129675
116506
118122
125236
127384
118095
131827
119139
129773
120554
111504
105593
111391
119100
101925
104800
121533
111272
116564
107195
112690
124153
109195
130004
119021
109048
113729
129493
114111
110143
119164
118076
106116
114248
114839
130953
127237
119241
102210
129337
118557
123204
115146
107512
120859
113113
110491
130323
117096
115552
131331
109612
100970
126132
113208
127537
110503
111185
128925
132239
112942
127778
114497
108706
102451
100244
101288
107376
100345
118511
127951
119192
124405
108262
103530
129925
111920
131437
106096
113127
125165
101578
110297
130660
103052
106991
119719
103562
110254
126215
123427
110345
118170
132175
131689
120095
105183
123175
103462
115795
100411
126825
118945
105062
106428
108281
118264
121735
114981
123805
116652
108742
118419
126735
118880
113355
101472
127313
119006
128200
112712
113473
129115
107436
105418
106349
131580
114074
105937
118056
127897
112025
104340
123358
113088
112525
127163
107684
115965
122982
116419
106515
101464
116375
107427
101975
104736
124617
100272
117635
131047
116945
117438
115239
125646
127200
104584
132645
104707
127226
101458
102848
128903
110250
110540
121078
112437
110835
123194
108304
132096
101001
124114
129655
115068
111682
107877
119497
127136
125895
124994
107820
107210
125583
129112
125667
105987
100622
101530
130591
104068
107049
126376
112919
106874
117486
106155
101210
115975
111234
101760
129380
117129
114266
101914
113264
110622
112302
107809
125070
127592
104235
124383
128757
126861
120809
124765
123546
109186
115356
103625
119042
114058
108558
122139
102740
108281
100813
132601
111538
119614
101408
107991
109257
100384
115776
100706
109479
103752
112325
100383
114637
126464
105055
101455
114054
102458
111302
119319
105079
122068
120820
106973
117878
115994
130449
100853
109728
127373
118447
121725
102565
116195
111031
126597
101991
124494
116899
127348
105924
107009
115054
116646
101551
124657
101065
113498
129414
107224
114960
100044
116639
112000
124796
129182
115237
120894
115098
112508
123170
106172
123132
125184
124124
128252
113454
114643
113509
114330
121835
111894
124014
129874
100241
127232
116572
103617
123347
108232
110494
113008
126126
124869
123709
125198
127902
111060
100276
103933
112401
113914
116995
131089
125980
117834
128767
109716
124013
132617
101612
106381
127617
104209
120653
113217
122391
107891
109563
123643
130276
120416
125045
121353
115592
125770
109175
122887
123585
113222
128718
102752
115934
132533
115306
105233
130935
128803
102837
109744
101724
115055
107043
117677
124107
110124
119306
125913
114150
105032
113333
127268
105827
108011
110772
130731
128902
105378
106101
112370
130892
119485
126233
119149
128490
102646
126848
108870
102005
110419
132006
108890
113123
132685
122419
113029
126770
124209
111693
102687
115687
104647
112561
103110
125114
116018
104706
103774
122512
104215
132192
114263
128937
102401
117821
119086
129307
127492
112236
104503
127103
102049
106363
117401
102890
130282
124995
103322
111135
129766
123325
106269
110850
130615
109336
118632
125008
112634
112136
131115
127630
102383
124256
129726
122431
121562
129507
130987
106842
118825
115031
100716
123131
131798
113628
109686
123225
123279
109436
112758
111096
131605
115203
130778
125472
113634
123153
123539
100749
120334
106605
103705
119144
117875
102044
107696
108918
126992
122803
114667
124304
124587
130665
119406
130899
118202
111472
122615
104472
132228
120582
113312
120614
123268
114887
101726
129063
120590
125381
113614
105945
117557
128218
106033
113926
108267
102717
108724
111542
122986
125780
125174
123043
132307
106441
130244
118509
132373
124128
124455
117263
117265
122376
123040
126482
119804
118192
105394
100353
125188
104795
130721
121500
104246
119799
121210
105296
101791
115306
108371
113511
102577
101999
116180
119165
101865
105376
116214
112435
103087
111315
113163
110375
109182
128938
107775
108323
124996
121958
126685
125588
106252
100348
131732
121150
101850
123499
129276
128559
131798
113484
128276
123633
113069
114347
103822
105220
129333
109589
106381
131979
111696
132082
116397
107334
111122
106262
112196
104128
131366
124050
114663
103626
113261
102864
119600
104231
120553
116959
107199
129929
105690
121099
105087
110781
124966
128433
101162
115746
119294
118609
110352
123743
129983
115429
125972
108117
131350
103281
128759
111955
120168
123356
113625
106377
102513
120574
110588
128448
126507
111610
127180
130376
132593
113870
119836
102193
130276
110888
118195
128958
112526
116604
118279
125462
118469
122451
130632
121917
117714
120806
130464
122691
126931
119787
132026
116667
100958
113583
101505
113263
107367
119909
127274
127314
130148
117693
103028
117942
109742
127673
129070
132287
122155
105149
100858
102168
124714
116965
116050
101604
121486
111514
103624
120056
110383
114280
109714
126535
107901
124938
102469
102045
105063
122567
108001
127377
119419
110338
129550
105397
131150
114700
104869
122383
100894
103228
107634
110029
119478
129346
130361
107572
100754
111032
113398
113370
116292
108794
114537
104469
127766
116792
104146
130995
117489
101321
132346
113643
126589
119746
123762
103060
119946
107208
111903
105109
104879
114466
103159
132509
127792
125458
120325
111124
117029
106854
107187
104785
113625
106314
112968
126477
104561
101472
110512
130839
131278
104467
129148
111178
117428
125736
121641
109501
121387
108693
115109
128313
129829
127127
130831
113136
130658
104959
127934
125547
105873
103884
111238
122053
125624
110847
101174
113943
118485
108715
106085
123443
121798
115788
122479
121493
128358
125529
106938
116118
103929
123677
109118
117987
111050
114114
116292
119342
130578
101295
126573
107811
106268
124436
132343
120222
131495
127426
105020
128539
123788
120129
121467
123502
118688
120092
100571
122548
102620
100992
109485
107145
123067
124933
118258
107643
120036
131276
129565
113087
118793
116170
119322
122403
129551
109923
125070
112708
131951
129339
114529
110081
112604
101961
102266
105775
107558
103213
114121
101518
119646
116931
106891
125180
124731
119032
131017
107241
102332
120796
122914
114699
108047
119545
106187
111955
126642
117476
122836
105759
116440
123665
116653
105905
114958
103403
105704
103392
128286
117540
112448
120333
100147
124490
122843
107353
109119
113564
100044
103189
106906
107803
127452
104571
132588
115172
116874
126619
119116
123324
106832
131223
128681
118509
128040
107027
100457
125521
104015
109544
111185
118188
107337
119064
101029
124990
128805
114695
130704
117145
105986
123880
122309
102065
122066
121461
117095
107826
112478
127459
100903
121110
104331
115477
102828
122998
129499
113680
109367
121248
115510
110255
106375
126827
107499
112535
118778
104391
109554
102766
101622
106648
128116
108616
109447
130757
131724
131426
106057
103307
116560
117523
103817
121880
123147
108799
125607
114517
131533
102542
121534
126467
106278
117149
119943
100617
118574
124787
122235
131596
128712
118262
119352
125505
109864
104222
132646
107391
129171
126123
132698
108441
116838
109075
132027
121322
118874
121535
108643
104241
108806
125046
121928
128928
121254
101914
113947
128815
110362
123538
118128
129078
132146
102407
106272
119867
122664
101203
130283
126728
100462
122806
120674
131073
130730
123595
129285
132533
125952
124091
116136
104371
131215
110769
100635
101023
120382
127374
104713
105093
115128
118493
118305
102252
111797
120329
104564
102447
103804
132045
111390
104328
110501
131565
113449
114542
107044
126244
109998
120481
126595
112477
102717
128131
101743
129574
118399
130857
109686
118113
130074
120754
129295
128572
106965
106711
105691
131684
112381
119748
118570
107382
122887
104230
106433
122551
110454
101510
122587
124164
126464
100309
116333
108300
110060
124232
116910
129468
110014
127334
108503
122619
118294
104287
113447
116376
106198
117151
132395
121728
116611
120995
130876
110901
118510
109579
114249
124283
132627
102897
120023
100949
105025
104570
104005
125999
103035
107946
106325
100445
113695
115069
116712
116676
117445
116275
123401
119255
110442
125675
125485
101318
125646
121971
101561
104433
122650
120927
107717
125347
124102
130648
104480
114941
108218
117687
111764
107312
100787
128339
127595
107248
107241
103318
114737
101669
131567
120023
113596
118243
119258
109027
130154
106908
103845
106717
119466
124564
132052
123465
106686
107158
116056
132195
110783
102630
105395
108725
109537
117878
111196
104424
104184
125532
106341
118747
129083
104580
120667
112626
100936
103586
104558
126897
106601
102251
102609
125833
106518
118789
115812
119793
111547
109500
128401
121529
105147
108022
103795
129691
113332
117865
130878
120084
120325
107403
131803
107122
101261
112458
131794
124973
132022
107518
108909
125306
126642
109468
129307
132638
112645
109356
113682
129920
103236
132221
104248
113667
116252
118807
115780
118930
119701
125809
112416
129149
126104
112484
111250
129923
117168
105184
102428
123440
119309
105950
114465
100457
111566
110741
114504
114245
119168
127729
104998
125726
108769
102465
106519
124648
104170
131888
126060
130498
105741
120310
128204
119243
101308
111311
108500
102199
112170
121004
122625
108194
103253
116777
108496
131491
127044
113856
108579
124325
104333
116284
106983
129266
102939
104048
121332
106001
124206
120616
124468
104786
127395
105568
108296
111783
120950
116404
126951
120245
100485
125464
107337
113195
121239
101577
116163
118355
120988
119428
117875
119271
108855
124917
109214
114469
106617
115314
123544
108581
130288
100329
105956
130667
122848
111383
102557
129209
125904
116731
109588
101158
109640
109707
124091
107892
109274
129445
102210
109471
120159
120904
104703
122034
104835
114436
106387
105438
121220
107439
109515
118733
106038
128346
103364
117812
109131
127619
116819
129448
119505
110477
102819
110514
114940
123245
130848
128293
131366
114853
102036
105135
131860
104566
118416
123823
126843
120401
131086
110918
128706
109968
129876
123825
130314
107363
121884
124374
116588
104205
112881
104220
102017
105040
125404
100224
105000
110117
107072
113126
117379
112561
123395
123052
111171
115061
131566
116869
108070
122053
122711
124293
124349
112507
125693
112248
115059
113132
106291
127608
123339
114971
106817
111807
103401
117037
102919
105145
114516
105501
119267
100445
125178
121009
113621
100030
124789
124333
105441
127197
109708
107846
124085
123586
116733
130265
125068
106187
100218
132317
104786
122179
120817
128279
103433
113206
117776
106764
129899
112004
125961
104636
124369
129333
111250
115085
123475
121356
121648
129926
121137
116319
124342
108221
117618
104230
127752
105747
112074
128849
122661
128030
105153
120159
113765
105319
129042
103212
103423
109270
109393
124938
102349
128362
100817
108820
127316
111661
110533
125887
129535
122216
117413
112306
108715
130067
123604
111832
127080
105359
125055
106163
117886
105368
100296
118259
120239
131189
100388
110407
113852
103281
113409
132723
118315
124815
114093
112803
123718
104058
103027
102654
124007
117179
120071
111487
114803
123950
101924
111104
130469
122807
125555
128920
116621
111409
121007
130599
106072
119975
119559
131631
101201
109511
120771
108774
130728
100499
120107
117897
113266
127578
101540
123634
126706
123623
110877
111213
125975
115192
115881
116936
101445
111858
129389
125097
113753
104146
104893
123172
115943
109671
113538
131981
112837
125119
115423
109451
109774
120287
129044
101742
105696
128438
111778
114371
107047
110420
125872
109861
122526
105560
102829
128854
115154
117415
108343
121998
101098
116324
125755
112146
109540
131100
129118
110345
127521
123712
119196
110219
104484
110809
107055
108540
107671
127607
111795
116120
113294
104810
124295
106830
114448
106037
103542
131026
128980
111680
121239
115182
100168
124365
131441
131097
125399
109613
103523
132170
120940
120884
126276
103950
111666
122602
107334
117977
122783
122499
117536
122009
108720
126866
119660
102545
108662
104057
131149
125029
113617
125220
117334
101233
129404
113911
107687
132703
117065
127236
126553
100089
131246
108674
103197
100923
108673
100730
106271
110765
118784
119748
117297
109808
102676
123954
114213
131222
109015
129035
105594
129847
118611
115899
100156
110528
105869
112584
110885
119823
116930
127752
112904
114365
127984
121106
119920
128827
118936
114162
101764
101409
125890
102433
104493
107458
117827
101812
131707
129796
116283
121299
115781
116335
108513
132717
127504
108931
107395
124458
104242
112719
105160
113313
129848
112447
110393
103116
120452
101686
113663
126392
113211
105436
105710
128385
110430
127546
124611
124542
119094
101764
128170
128697
124662
105525
126724
119202
114844
128865
110438
130052
121624
116295
108005
111671
102320
131111
107409
107160
119459
114771
110143
126518
115980
106631
115084
100814
105994
101757
106782
118010
110366
117181
106541
109989
100308
103091
131650
110018
130214
105475
121151
119101
103709
120097
132256
110642
107833
109852
112128
129374
103955
116922
106207
129235
106945
122570
109474
128751
132730
110262
126939
131982
128250
116056
108491
131455
114216
132110
127782
132661
132087
106001
109845
123327
127370
131074
132481
123643
114331
120262
114575
109574
131613
107156
112999
109302
104480
106316
106810
101068
106230
119563
129923
110756
118676
104956
122509
104751
111930
102001
100149
109155
100439
100402
109297
118129
110759
108052
109329
124152
111262
103886
101701
127864
101385
101897
122208
132617
115699
110262
121947
112461
111045
113572
106653
122531
114610
124242
101241
114589
109650
103426
112633
118197
102285
125198
116442
120891
108219
125567
109527
111250
109577
101596
122923
109724
113951
102208
106065
126835
103680
122287
101134
103002
105777
126378
126897
130035
104989
116993
125338
123826
128696
113385
111353
100241
127843
119630
125144
125445
113680
111723
127580
109617
108966
122519
126279
120922
111271
126562
115650
110748
118544
131296
118618
120283
119680
111173
109896
121596
100253
125618
108533
104532
129971
126287
121277
119648
123295
122266
126195
102071
126188
110335
105766
103998
130619
111272
122275
105371
105960
112534
117051
128748
100842
127217
114503
122808
121595
104092
119273
111141
132346
128013
125332
103532
112269
121180
115150
102539
121866
107161
107316
128570
117144
117091
130751
104735
118929
111798
118343
114501
115755
113413
122437
119755
110936
101001
124125
111065
118250
125912
100892
105432
123643
103097
116094
111331
112268
127287
111795
131704
112748
114932
118690
128116
128604
112320
105903
115006
105328
103530
118841
110658
130744
101590
124519
113825
132384
110160
114213
127526
121493
116512
112233
104061
116329
129119
116411
127647
106233
125705
110580
118929
106637
121683
109126
131406
109439
126526
111740
130818
109984
132460
125059
130936
113367
132402
129322
101078
104715
114928
113958
125576
115523
131485
125785
132218
108556
121510
126036
128650
108316
114937
124186
132669
102964
104540
122662
112816
111947
109316
111024
108242
109032
114531
102445
123345
129488
114753
123413
130002
120033
109326
116712
100581
122430
112759
127347
109624
119980
127799
108880
132491
105020
110896
113068
103139
122667
107194
101964
121475
128006
126011
112594
127256
100113
130552
111677
110644
119018
106026
106672
110845
128106
121173
112756
122663
103884
117973
116031
112671
126225
131001
124087
101001
120738
114133
116530
117229
109880
108819
117696
117421
121849
128266
105835
129595
102372
131282
112061
124808
125294
115478
125059
110528
100205
113770
122065
107316
124982
123871
104262
112280
124418
115157
129425
103534
119447
109841
121652
123586
128548
122384
106376
102680
128364
117914
126210
115363
123686
101274
125364
108727
131236
104236
106775
123265
127412
116984
128775
110326
124868
124607
117775
104969
100425
130867
112359
120353
103009
100620
128827
129226
100278
129112
132526
121258
122022
114194
124191
110264
127906
124407
104747
112808
124884
116373
124403
103337
125701
128933
113951
131155
113341
131738
130083
112859
127148
131450
122816
108170
111176
106477
118990
101229
132024
111252
126522
128077
115185
120987
129099
100065
100383
121746
131369
131139
132166
115064
132767
128929
130857
115993
121120
112949
105323
108699
128008
118135
102388
104019
109349
131217
123286
132061
119158
130579
122864
117611
113970
120040
125331
126813
118028
128905
113508
113682
119478
101488
118594
113662
100004
107216
101864
111101
125202
106371
120852
101863
111688
128579
109289
102245
115741
131870
123793
101123
104122
104484
124456
132486
117408
103267
109525
104831
114157
102677
130106
121632
111322
101911
120335
110159
105865
102045
117513
115449
130814
105765
119553
109481
127339
112041
121426
115289
117168
127257
102275
118664
127522
132360
111654
108428
123531
125862
128255
111146
121203
116718
101737
102500
113310
121376
113142
119954
112342
104562
114262
131252
106731
114690
131706
114439
103415
127504
101112
100566
118502
110954
118962
110483
125238
119847
113587
130086
115964
114072
116057
120965
123432
128124
132537
112517
128777
125299
110655
110320
127508
131510
115605
128983
116961
113156
127174
117033
112758
128480
130468
114821
121544
118521
108135
118093
111999
129258
115350
119292
108026
101667
110891
126905
118419
119591
118770
110636
125220
121081
131634
131472
107210
126928
101007
112905
124136
123154
113711
102200
110447
126848
116508
117517
125021
129198
107497
102109
115844
117431
123545
129973
109965
131630
123068
106221
117052
132184
109275
122368
132598
125336
101654
119963
118912
125994
104204
121075
120585
110356
104187
105052
130411
127322
118824
101912
124590
131442
127106
106092
112589
132343
100738
118777
128957
125090
102485
119114
110764
101493
108861
108714
112263
131129
115253
128056
112318
123947
114900
127037
128331
115187
116595
112572
121585
127445
120210
127819
112833
122923
116600
125474
124131
116499
129306
108914
103571
110693
102462
112120
104298
119784
111072
130001
120799
107973
108245
127120
115981
108859
111534
105358
100791
121749
108511
129153
111753
117593
124961
125008
112032
110531
129044
107558
120141
103537
116521
124614
100374
126304
115903
114718
115710
108311
130956
116510
113415
100130
119871
105930
106228
127170
126819
129934
119379
123363
108167
111058
109243
113742
126108
122575
108627
110368
124318
115361
116371
119931
122231
125597
117327
120699
108064
108260
110833
112236
106761
130616
107782
128314
128955
103439
105468
119848
116668
111846
131369
122565
116146
130264
102928
124701
105420
117871
118752
114988
100190
131002
109118
119448
129483
105376
116548
117407
114856
124275
101578
104013
129310
104649
118500
124147
119440
110471
116651
118998
124030
127038
113729
131108
105386
112315
127759
119340
131705
109273
122705
126157
125083
121242
107989
114223
110062
124022
122623
116402
111776
113395
113169
114468
114325
103030
124329
126775
113160
102489
123276
116786
115060
121405
105889
104422
119477
131234
100929
124900
131434
128949
130478
122093
108703
103016
103136
109226
122793
111560
124296
126877
112208
109196
118607
101720
130100
125673
100958
119021
104297
105134
122148
130981
110181
107404
111443
105461
108828
114613
116780
128685
118121
111786
116221
122995
129712
110669
130792
102256
116930
130110
107237
101705
101888
129892
104202
115025
102596
107978
119307
125693
124924
128685
123389
106648
118552
131283
130911
108087
127271
105758
119130
110832
126780
124768
116552
125511
108055
130417
109428
116713
128769
111743
119584
101277
104440
112806
102349
130935
110348
117440
116150
115278
113929
102527
117662
112753
105302
109241
128971
128150
102685
132610
130643
109843
115628
104832
132246
102737
132636
100347
101900
103293
117808
120628
108097
129664
115839
110968
125981
118834
122326
124276
123497
131018
113624
104523
108943
112794
122599
122342
100001
125177
131912
109452
121757
124288
129921
121010
128240
102521
100870
107028
118840
103828
130581
123652
114766
101852
104415
129282
103044
106474
129000
132494
104747
127064
105904
131642
114521
128633
113043
121603
100841
100679
120302
131809
108994
112797
105347
112285
131933
116391
111903
123363
118657
120214
104058
121496
112977
105880
109150
124525
105865
114439
109579
114357
118533
132320
110555
132724
132227
109432
106274
124600
119721
130922
109400
116012
122186
125140
130170
116970
102117
112323
106157
106897
105838
114411
127781
115863
105809
107932
108613
103649
121781
123377
130311
108689
122109
119371
119711
106784
107669
128253
120667
117164
109035
104777
113102
126867
106171
105612
117549
108864
125584
100277
127481
130885
130952
106747
116190
109482
126039
116176
119260
123781
118670
106768
115108
122571
102430
102783
130629
103014
130839
119922
130567
118920
116406
116940
117655
115518
117407
122412
100453
128328
122215
132197
126539
122152
126805
110383
103535
106105
105066
115228
129898
128386
110494
129229
107690
131339
108909
106341
112916
122479
108434
110398
131822
117747
120851
107483
114429
116054
127357
105502
100586
118442
107121
105403
124651
123234
105055
131309
112799
110507
102290
131688
101689
111104
124525
117134
107744
111352
122356
130277
106838
118115
124302
118473
109016
102550
131080
123998
132678
114435
120798
108745
128388
121613
125110
123040
115488
128538
123438
102814
122933
128489
108503
103068
131983
115750
103041
120764
103695
105531
120506
118504
125009
125802
111761
123003
101005
128792
119968
124989
108475
114028
128585
113301
117499
115737
119615
100858
130611
117112
121928
114859
101626
101338
111426
107168
126645
105244
132708
117696
105471
125052
110791
122452
119631
100522
115749
128444
102612
121891
122848
110944
114084
102842
129350
125930
121366
112503
129299
127667
108396
118181
119351
119162
103606
102439
128474
132700
127731
125451
116894
111104
111736
116578
130340
104467
113558
112974
128977
132084
130167
106588
106450
124336
128585
119060
115037
113456
116638
124623
124218
104881
123411
112841
115075
125813
106800
107895
108456
112056
116880
108571
103349
129766
109890
126101
114904
101643
101998
120188
124702
124043
123196
108653
132733
118547
103409
119971
123671
101071
101468
100296
104125
106974
124272
132363
121778
104963
110642
127603
128178
117917
113622
102515
120371
129753
108836
102334
128235
127526
118049
129372
122258
120041
108268
122110
129513
121714
126182
113039
108283
106799
128277
119819
131235
119328
130251
127124
132686
117899
103298
106947
130306
101105
109835
107068
111264
125504
106216
126085
132710
106570
101622
132376
121527
128630
100687
109238
119839
105654
125806
123135
100754
108729
107156
100672
100852
103777
100203
130444
121567
120439
127209
123406
119968
119966
102520
106653
130946
124293
121172
115345
120400
103521
128820
105685
102933
118427
104492
131646
123686
116933
101842
127003
113506
110547
100768
125198
101817
129672
129177
127514
108267
126766
115247
124412
131986
110986
126565
103103
116579
126223
128817
120203
113073
126802
117028
108734
125746
116414
112460
120893
125190
113033
124506
118797
106741
108774
127744
112925
121593
111741
120733
120934
125948
111128
120092
123958
132578
118175
123673
115657
116938
124230
125766
126234
129425
128517
119822
120056
131480
109641
106104
107868
105416
126185
105293
110074
119507
125531
129917
115478
111804
105000
114623
130713
122777
106141
117624
104292
117656
129219
106206
115428
128576
104082
130141
120039
119545
102754
130362
102830
107727
110754
121206
124483
107891
132300
124661
129805
105858
110232
103391
119969
119306
108145
122951
128731
125771
104485
105226
114222
112826
108256
124410
123704
128588
109915
116028
122009
128752
118353
114159
103174
120925
125235
116750
105369
107535
116508
104344
126059
131468
103431
131310
114533
122348
129088
130172
104275
109720
124440
101787
105274
107858
126941
102582
113644
107382
113161
111788
120793
100991
122298
107382
119080
119756
118626
105994
117255
108965
105920
102271
129855
111481
105743
121713
121099
128873
119421
125863
129578
128267
111582
114931
128307
122215
102306
101210
108585
101446
110852
101749
106063
108205
103557
118551
100413
131748
114841
123697
129588
113723
104096
115954
124079
105423
110615
102450
129850
110986
105488
104720
130439
117289
102623
108250
104127
106754
124439
120366
116502
127813
125621
124511
101282
120962
125850
128538
112749
132203
130623
127818
112841
120284
123812
115256
109027
120600
104329
122871
131995
103254
122849
132095
115603
124284
127108
132376
118406
107562
128804
132474
130012
118522
107394
109106
130939
106758
131041
123335
107999
109739
110011
130590
104045
124045
121524
107931
102404
112091
131532
122761
119766
104405
117976
114620
111222
111755
109107
128372
126769
102119
125617
115077
126370
117229
130004
104373
122241
128322
102979
126822
121020
131819
120951
100213
108489
117336
128440
106849
106554
113825
131400
128944
119186
110095
112094
127886
128087
121054
129365
124344
118632
130369
101542
116376
100241
115367
129044
115121
101725
114237
100262
102462
105771
115380
125914
124694
132484
122180
119448
130003
108460
107505
101477
124211
124535
112909
102873
121535
128862
108542
130387
104362
117202
130881
117995
124155
129233
117679
131240
102127
129718
121087
125172
117144
131925
121741
112972
116939
117831
124761
111420
102201
112515
120915
130443
112860
131118
102358
129971
115861
126389
109426
113043
106771
113944
104686
114536
131318
111753
109453
123386
113204
103733
104081
123667
111804
122722
127230
128565
109658
105658
108192
130444
117211
107750
129615
103202
120689
102495
130418
111186
103513
118145
106690
103807
125882
101346
115281
105478
103121
127457
122058
117872
119371
118914
113658
116461
130802
117113
121487
113662
124300
105348
118048
113521
110080
100606
122478
126866
129467
101554
114922
104608
115026
119021
129399
121982
111977
105687
124784
114347
108243
109570
101869
119924
113147
107588
131650
100712
125314
105922
107465
100365
105513
127310
131298
105169
119282
114931
101687
104771
109698
126669
101701
112003
120522
128542
121624
114167
102374
121503
125013
108352
122181
107028
106878
127597
108555
101411
104050
115566
117171
130150
101427
113611
117753
117439
121836
126358
122871
126444
115507
129694
118926
111707
100747
111589
128007
130879
106285
118100
123130
111587
104712
129454
125551
120638
110086
131779
108356
100297
104849
111078
100559
117133
100182
105632
115907
120960
126024
108966
104024
128273
127208
123401
105126
122626
118980
123565
117842
127606
119614
131580
123501
105291
115087
130523
104089
103081
130572
116189
104046
105179
106663
112055
107548
109918
113848
119797
109137
118584
111614
125163
116573
130955
113376
131565
103316
128106
127481
111811
108275
104939
112852
112471
107015
100222
105972
106417
114187
122749
102424
122917
108625
118020
111805
119755
109795
103426
100323
126768
128105
124816
108820
125259
121165
129666
129443
127155
104478
130620
127026
114959
122674
132040
116086
109773
131472
127781
122431
126743
119052
101601
104114
121346
123828
109034
119513
111881
116843
109985
129119
122811
126676
122416
112020
101552
116338
104221
113079
108737
121101
100896
115317
115320
123991
131634
107181
132550
112335
122087
108150
106484
119782
110077
129123
106460
107360
114997
125958
108121
110590
126561
119218
129788
112986
127935
112517
121089
105746
117381
113574
100481
121640
108989
119756
104425
113065
109395
110080
117162
117645
116589
102051
100914
122591
104954
118706
131612
103966
108174
124233
104611
110818
101997
101222
129629
116674
126182
131312
129062
130934
118242
127992
119385
128825
127676
131902
115783
128625
121171
129271
123873
105874
112990
107213
108984
106048
125952
125736
111912
114356
127389
104364
106703
109664
100843
119043
129860
123350
102988
120796
112646
107494
106075
101171
109747
121350
130756
107475
126587
116216
109146
117018
107475
122534
114019
123645
106094
119377
131894
118091
119145
127978
114185
118838
128966
104384
106756
131599
130843
107356
110746
128593
101003
119977
130328
122337
106998
132185
125822
130196
123245
124803
131215
104434
113897
103569
123428
115514
109628
118617
131781
109734
119623
123018
109434
118767
129646
130122
120799
111124
125769
130077
104567
100952
132508
126985
126786
130185
106634
117496
121490
116872
101381
110173
131610
103174
116361
104730
113224
109452
113418
130466
119253
127934
105259
131930
122266
117728
108976
128838
128677
108697
100662
110561
106124
112119
123681
125004
114177
109492
129751
120491
127399
112312
131372
131533
104740
105438
113692
104971
121976
129019
120512
121202
105357
114973
126331
110372
130062
126224
109173
113147
100733
123175
132682
120432
105344
102200
131331
115643
128636
123881
124741
107580
121445
125482
128968
122138
127957
116739
130315
104746
123739
129168
110406
127762
118549
124746
127649
101038
111233
118919
116131
100786
123024
101189
127981
121745
125948
106531
123176
105630
125404
119216
131132
132209
115318
129512
117442
118669
132180
123132
117949
126016
126362
127314
104580
126666
106390
126157
112387
102593
110745
100174
124963
114611
102405
100987
116615
130830
127144
124607
108921
106813
109896
120209
115748
105492
121727
127226
129283
130158
131274
123985
119449
113940
105948
105034
100963
132321
132152
101423
109323
102436
109054
104044
107230
117062
126981
128593
121472
119981
101931
120084
107486
103391
104937
132117
103781
123883
121643
118374
107890
105221
123742
131979
104969
100720
105162
106366
106697
131489
112674
111607
107295
109473
120409
128745
109243
108467
105656
105040
125504
115767
109870
119082
114240
117454
117991
107971
113255
108735
129823
132406
104182
128665
125497
107569
103027
107290
102155
106744
105375
116048
113277
100013
120745
121342
127314
103886
120993
127041
128581
128511
104495
100723
113240
111882
100997
110672
108393
112420
122258
101207
129286
130162
112761
126579
104322
122827
102209
110555
108872
111296
122574
115767
118384
121561
124176
124420
113296
119842
108922
117817
106709
113894
125366
111659
108114
118459
114327
115374
118423
125118
101711
131197
104070
102176
104674
128476
110946
132066
116698
108923
105513
122076
127549
132766
129828
113412
117692
126587
128444
100077
114221
129251
132239
120462
116795
108581
124355
122949
111708
103472
109466
106268
113668
119031
104775
101450
125721
103450
115201
102909
120742
122306
106069
105302
131539
108748
101312
124341
126997
124459
125565
128824
121762
116615
118172
122494
131368
105770
127316
106417
125374
117533
125850
127683
114715
104846
117490
112375
132613
124021
104326
114596
114189
126584
125557
122422
122234
121611
102253
118133
105091
103387
124028
123402
125633
105837
125987
107582
116195
106242
116141
112390
131236
106943
131006
110653
119802
117514
129327
116272
124048
103991
115737
128607
122487
119140
114480
100738
129305
123297
121171
104651
128878
102997
111457
129131
129138
127965
103501
109399
109526
101749
123765
115788
114421
124508
105775
120848
103947
109107
128421
124156
107937
126118
105956
119735
131148
118863
122671
128324
126103
103639
131225
107071
104254
118879
109267
122723
112029
120862
114242
109392
109671
105547
118612
121227
102043
129853
113941
106183
100532
118737
103933
111203
101409
114444
114444
108851
118516
100609
102682
126339
127966
123125
122984
129113
126555
102594
107130
110587
128810
125817
108073
102321
107776
119627
102900
130252
130429
120490
105623
126183
103007
108715
111583
115053
130806
129199
132540
130140
121304
126274
106392
111176
126677
116291
104423
122274
120109
125510
128511
128826
112129
123702
117802
129027
120584
101951
112634
108566
114051
131818
113885
122618
130419
128394
109809
104739
100617
104664
103450
100024
103518
115418
121169
128922
123236
121097
100927
116897
100381
116658
132362
112169
102154
100509
128111
112589
124903
130285
119313
117106
107669
106055
123664
116104
129112
117558
123614
111756
121154
111310
118862
112081
120303
107408
102638
124289
127859
115086
122519
123870
108433
124880
111426
123342
115502
112885
108317
120471
123140
107293
128223
115431
109723
121607
104536
107799
103797
103031
113484
131760
115337
126427
124033
109359
121332
130349
105751
104453
127210
113691
131096
101858
112626
122214
125008
123699
112467
124296
110687
102378
110537
120985
112908
125565
127869
130931
109020
112177
117556
100373
106468
124568
113607
132421
114395
113752
114643
102778
120947
106287
117169
104696
105961
121140
106921
102205
102363
104288
128098
103324
106587
119628
107933
117032
113473
100924
113443
124371
108741
124253
127996
113879
130637
112459
122850
116821
102787
127702
101110
128572
106923
130822
102833
113773
109364
101469
110876
112669
104844
118619
108356
121978
117561
115784
129000
128145
105510
122925
125302
130159
125498
119588
118326
103814
116783
114641
126404
105043
119458
101425
107203
103742
121702
110482
131280
106178
122654
106979
104117
124621
129291
118830
106719
126314
117026
113251
114707
110237
131170
106071
100444
116110
100196
119820
130120
117482
127796
114483
116819
127623
113759
129519
119460
109639
126029
105692
127735
117822
111825
116816
124635
130583
108031
119521
120349
100275
128574
114983
129924
106260
102558
125635
116158
120698
122219
127135
132251
125387
129282
125048
128633
121912
117987
123290
117248
118046
114440
108267
124943
124202
125813
123435
104949
111809
105489
132218
122853
131231
127668
104475
101284
115134
129409
122743
127877
121977
101750
124261
119191
119537
120641
123560
107293
128688
116309
105657
105534
122252
115262
106952
132094
105934
132657
132605
101485
103828
121576
132611
129822
115060
107181
111303
112091
124514
125876
100989
100247
103124
130221
107237
111012
113444
102298
116940
105767
128309
110302
112853
114888
104281
125079
120185
102062
114290
117806
130637
130730
130904
124461
126083
100530
116603
110160
112820
107410
110794
105438
126429
105438
117971
119865
118183
120619
109355
108468
109035
120702
106256
118950
128885
103173
100429
108733
130568
128005
107358
116884
117155
103700
107733
116103
114947
101768
107516
131526
132457
123439
104636
115368
130973
126529
127165
131394
114227
120978
131023
108857
100621
125196
118665
113108
118305
119389
102959
130389
117628
115693
113881
117386
105095
120851
101586
132255
131210
111240
130111
118070
108654
123676
125441
105657
108999
123047
129244
111855
131346
110659
125400
106958
122170
101560
128487
113809
124514
107064
125641
124170
123358
111181
102189
124216
120706
111631
102937
111388
105504
115866
100747
132297
124236
129983
115809
125627
117346
129274
127862
124009
120523
113828
126478
107293
102779
106858
103796
126724
105918
100862
105441
123521
121141
104204
111264
126919
105243
129392
123760
124071
129229
111782
104746
123046
111498
124290
105379
127315
111479
123169
131796
116952
111590
114719
124216
115406
132311
109066
116086
109398
132543
128279
131904
130149
114057
126484
119675
132447
111579
122014
132000
110824
126874
104340
101474
122103
114352
114124
112529
129323
109325
124676
122174
122723
114923
123163
130080
105097
100951
118145
110902
102318
123885
111340
119470
114012
102115
120652
111110
132391
107593
128514
117105
111494
118158
108108
120956
113121
124487
132612
111601
118507
125740
130187
118011
125234
121443
109056
111500
116725
125186
120501
104444
130613
111055
128739
102387
111630
115018
104092
107144
102984
107245
115202
122794
101418
119730
114103
100031
129934
114134
107412
131212
115515
106972
112542
110677
125806
102614
100661
122949
126138
121824
111759
118032
105746
105709
120933
103638
127781
113862
103404
101707
103402
105039
106759
115989
122491
112396
122555
111733
125478
101605
122851
123178
109249
127270
119333
129426
110399
108746
119076
109331
110209
102905
129527
112569
120430
100047
119515
102176
102726
122207
121636
126613
111923
108792
120698
117880
119330
106663
110145
103140
102864
118524
125017
126355
122408
126737
109064
110331
115148
105161
112692
102589
112370
110166
122326
119616
120945
132350
116139
131225
108827
127774
105517
120495
124238
106863
101825
105628
103110
109960
128306
124758
115381
111524
118366
102798
113174
107942
114991
125656
128062
103258
121037
123405
111540
116734
113426
110317
103746
123137
128063
114441
121164
115210
109293
125409
120673
100924
118854
110665
118800
126649
106612
101137
102653
106084
100186
101604
106292
103148
114050
121713
121788
127750
110935
115657
120432
125433
102549
126472
115466
104544
132605
128056
115841
131627
130893
122994
131733
105960
102255
120390
114087
125249
114929
125790
120015
108229
126133
127837
127529
108779
125162
115469
119151
118355
107578
110266
120013
103248
131397
116697
121840
122020
132687
105966
102753
122762
111925
100012
107025
117498
106406
110941
103221
103976
101263
100740
109139
104526
113623
109761
105373
118187
110925
129014
127615
126411
128991
126888
125044
112394
119820
100264
106013
103252
124060
101874
125588
129582
101518
113877
111870
111610
112978
112724
101471
123510
121144
129741
127411
127623
103977
128216
100410
121653
108693
124018
106515
118262
120492
108379
118540
113711
127953
101564
101305
120312
128075
125453
130755
124448
125246
128822
130691
110448
129242
112116
125135
110388
108243
125055
118548
125176
131345
121706
108709
106384
132264
100042
130899
106331
118538
117402
117310
130504
126844
117342
125675
127512
126150
109575
131222
109414
119599
114199
132553
116709
122536
116997
125997
119146
103752
102371
109217
123690
124408
115774
127369
122052
106352
127302
129384
116354
119650
107054
106418
117467
129524
116694
116187
125245
125300
106920
108212
116234
128583
110016
103927
113633
118563
123983
122400
102942
125311
115265
110719
130212
102983
124701
121740
116954
128723
117293
113530
121843
113178
117472
104719
124531
125475
106604
125618
127214
125373
126135
109510
108051
107120
128632
114230
130538
103091
118425
100945
110170
101471
124129
119001
132334
112484
118735
123734
101849
109755
117705
112304
109623
114076
111990
132093
100245
113392
131944
125848
127668
119049
131838
118387
110474
117649
121992
119214
111754
120256
107181
114792
120613
101074
127242
114645
130961
125625
122396
100752
117193
100111
115808
106547
112597
130126
108216
111142
121163
101187
111633
106164
101398
124608
110147
119140
113270
100754
112696
124806
113224
108722
118609
119820
110984
103872
128005
128411
107540
107948
116172
119522
102066
126903
103995
127275
111445
129178
112496
129327
129692
105988
100784
106031
102044
120394
101455
129856
103135
104538
128464
121575
105900
131058
104270
105701
120457
131599
102171
110164
122367
116135
102054
116723
123549
128154
112546
124607
100160
104679
119908
111299
130705
121371
126861
116784
131022
110352
102122
104112
129230
120787
103832
117496
106815
111590
102764
128668
119603
116904
128913
125480
117979
101393
103539
128364
114577
116642
111324
131607
118812
108444
114269
113800
126000
117361
124144
114400
104757
124024
130011
127580
106569
117732
109528
105186
113544
131319
108658
114905
108683
132723
128690
126270
115758
106066
100091
125940
103319
114358
108083
100444
122484
119587
100899
129062
114307
105964
130337
125031
116824
118251
126188
123115
110939
105589
123095
127436
104208
100237
105258
122691
117659
130136
125381
114623
117635
132562
125446
114740
114870
119742
115693
131766
112333
110051
106622
117574
124050
108405
122727
126700
110271
108242
118755
112902
116745
103791
127198
113375
103005
117777
130138
113027
107882
102208
115217
110034
106079
110584
103772
101076
105718
107683
119379
114252
102833
110148
114230
106384
115043
122357
116492
114839
106995
102035
124553
120148
128093
108216
109621
107842
114681
112361
111307
113473
103168
116753
132319
116640
109644
126510
111812
125051
127583
127819
109485
117831
121767
110254
128018
123563
109569
121938
131926
102289
109435
100504
116390
103550
113246
123961
128804
107550
124524
103551
129349
119844
124262
119733
117623
123217
104657
128476
116744
129489
130810
107935
114243
131534
111928
126345
108252
132672
126833
123254
128910
119298
100575
130119
121346
121131
102932
132570
117235
126619
131132
103738
122512
128980
123299
131858
115489
103180
113527
122984
107246
123776
128206
116103
101468
129034
127722
101693
102234
131062
117436
118855
105211
115218
109480
111882
122468
100868
124808
124804
110825
131040
113651
118145
116083
105978
114879
117522
109861
112889
106436
109371
126271
118317
129507
131308
109634
101411
105800
103474
113237
117110
127211
110511
129255
122343
112989
123464
124310
102832
105153
100637
117839
104214
130072
112062
124087
115262
110531
115868
122570
127809
132418
112573
107202
124546
108610
108980
116795
122688
127191
126161
100500
122983
100614
109205
110744
124844
101254
104296
120158
122584
131015
102030
118893
112484
120628
109144
116516
123975
118710
109719
115034
108044
122745
117590
103233
122151
101874
112073
106128
120457
122401
124288
110305
116338
110099
102368
128343
124295
110508
117716
124805
123940
122531
114624
132491
108531
104398
125879
117634
100286
112032
123885
119323
129409
120304
102255
123522
124612
109819
114449
131465
105255
100781
110760
112130
131391
126748
119418
101996
106912
124758
121587
109011
104507
127836
100506
116721
127979
113774
106051
107673
111690
125577
126853
107094
121289
115759
102766
100431
113664
129894
131958
120685
105026
117763
124082
129728
105077
118568
100682
120607
109088
108556
132141
130575
128454
126458
129283
100327
125555
128925
117348
121137
128404
125818
129095
120658
128779
113086
115389
118894
104835
123706
124127
105094
132353
111020
130052
110051
106428
116032
126776
114360
119087
105302
125674
104963
129900
127622
115941
117172
106163
110561
121986
115729
121667
108922
117531
109145
116080
129574
129218
121511
114678
115327
125235
121114
118925
129839
120072
119859
107198
113771
123692
116862
109812
106173
104082
100213
109526
104711
115751
107937
124884
131013
107781
103426
129280
100754
121065
125105
130336
130286
126183
105156
128001
125758
113244
111986
112142
105748
111141
116344
112928
103345
124942
101306
104344
115656
127629
107566
101804
126341
127665
116726
123134
112078
120917
117708
124531
124105
112281
127907
105026
126366
113811
120971
130635
107390
108097
124374
111275
114660
113090
110969
130189
106010
107718
111541
110402
118784
118340
106998
109461
126985
127083
127227
125272
119942
102106
115255
114499
100391
105747
114807
122111
109502
125229
110534
109437
107847
106186
111757
100236
114726
128585
103935
101035
107183
123965
130996
120347
113899
122141
132756
103481
103577
131389
128247
107531
103028
115964
107019
107289
111796
125247
120949
117118
117463
120863
102459
117822
106145
113119
131041
113114
110178
120353
116946
132386
121975
103769
115458
111179
112659
112257
109522
121409
115520
101647
113716
129086
121376
121636
125455
112028
106361
105478
121061
108520
103024
119504
114099
111927
110997
110952
113176
103101
118560
109490
127674
102811
129658
117507
124134
110073
107264
120281
114550
103509
120835
106441
115448
102682
117267
103864
126220
106101
127357
121422
127758
132196
130578
100008
118773
114448
128042
123725
125307
106332
105193
109924
102527
121278
106433
113700
123047
128846
103224
105099
115529
122140
107244
125267
104844
122311
111828
105762
119242
100683
116680
126209
126009
110363
113988
132367
111307
116336
127081
119158
108626
110816
114244
128415
127720
101170
123731
115618
116110
131185
119365
116737
101651
119615
124930
114069
123960
102764
106731
130504
103185
107975
111459
114949
105902
113716
111502
115565
108027
109567
107608
106956
107749
121968
104890
131787
114366
120736
118841
122983
112355
130954
122287
132513
116380
104805
122701
103543
121667
107314
116961
108564
130985
108433
112981
124740
128181
132056
129144
105258
113998
119910
131586
106037
106875
129845
115154
112464
126153
128175
124281
111961
125934
126659
124668
122581
126379
120375
111830
100834
117495
118336
105277
127084
113241
116304
119462
103588
127638
107055
120715
117166
123020
108621
126828
111770
128094
109143
130836
121238
117201
105480
103965
100706
110582
101442
119734
115460
119818
111709
100516
122300
103322
102847
113287
102202
113130
114092
126047
107023
109720
128864
118862
127074
117629
103515
116384
128740
100308
117501
118280
103430
128670
101202
117036
116585
123461
121391
114020
132501
106367
123518
126655
127983
108917
110806
130376
106725
117029
118095
124807
101484
117764
108436
104010
103596
101864
100665
120229
105209
121382
131663
122679
128262
124919
132150
121263
130645
128545
106163
127375
122354
117203
103234
126768
119905
103632
111278
126470
107989
100047
112862
104742
128163
101922
105202
102661
106485
101271
129935
122499
129731
130460
113014
104232
126719
124582
117852
104109
123152
127699
123894
127422
124802
106702
130387
132606
109308
127475
123502
117580
131698
124339
116740
117317
106395
115770
130467
121865
122790
130128
123908
104258
103465
104573
105882
101987
120922
102257
109931
115502
116353
127906
129055
127865
106925
116279
121686
107313
116646
127269
118591
100255
130852
109720
116327
112618
128574
119700
114638
116446
132389
125916
114496
109035
100626
124179
106466
102769
125821
119585
128268
103995
108944
108504
126294
122953
126939
110552
125942
109266
106057
120495
117833
117129
116819
128581
132015
103200
132467
111992
103836
120074
107996
113155
101868
111750
106344
111012
128375
106713
116434
128638
128230
113370
108837
119484
104901
120244
104820
108407
127449
128232
116428
129753
127155
125841
126567
110979
119685
131308
130594
128813
128821
114199
113457
105100
119984
