132544
132546
132547
132553
132558
132563
132564
132567
132570
132571
132573
132575
132576
132577
132579
132583
132584
132588
132589
132591
132592
132593
132595
132596
132601
132604
132605
132607
132608
132609
132610
132618
132620
132621
132622
132625
132628
132629
132632
132634
132636
132641
132642
132650
132653
132654
132655
132657
132659
132663
132665
132668
132669
132671
132673
132674
132675
132678
132679
132682
132683
132686
132691
132692
132695
132696
132698
132699
132700
132701
132704
132705
132706
132709
132712
132713
132715
132718
132719
132723
132726
132730
132732
132733
132736
132737
132739
132741
132742
132743
132746
132747
132749
132751
132752
132753
132759
132760
132762
132767
